seq,HOTA(0),LocA(0),HOTALocA(0),HOTA___5,HOTA___10,HOTA___15,HOTA___20,HOTA___25,HOTA___30,HOTA___35,HOTA___40,HOTA___45,HOTA___50,HOTA___55,HOTA___60,HOTA___65,HOTA___70,HOTA___75,HOTA___80,HOTA___85,HOTA___90,HOTA___95,HOTA___AUC,DetA___5,DetA___10,DetA___15,DetA___20,DetA___25,DetA___30,DetA___35,DetA___40,DetA___45,DetA___50,DetA___55,DetA___60,DetA___65,DetA___70,DetA___75,DetA___80,DetA___85,DetA___90,DetA___95,DetA___AUC,AssA___5,AssA___10,AssA___15,AssA___20,AssA___25,AssA___30,AssA___35,AssA___40,AssA___45,AssA___50,AssA___55,AssA___60,AssA___65,AssA___70,AssA___75,AssA___80,AssA___85,AssA___90,AssA___95,AssA___AUC,DetRe___5,DetRe___10,DetRe___15,DetRe___20,DetRe___25,DetRe___30,DetRe___35,DetRe___40,DetRe___45,DetRe___50,DetRe___55,DetRe___60,DetRe___65,DetRe___70,DetRe___75,DetRe___80,DetRe___85,DetRe___90,DetRe___95,DetRe___AUC,DetPr___5,DetPr___10,DetPr___15,DetPr___20,DetPr___25,DetPr___30,DetPr___35,DetPr___40,DetPr___45,DetPr___50,DetPr___55,DetPr___60,DetPr___65,DetPr___70,DetPr___75,DetPr___80,DetPr___85,DetPr___90,DetPr___95,DetPr___AUC,AssRe___5,AssRe___10,AssRe___15,AssRe___20,AssRe___25,AssRe___30,AssRe___35,AssRe___40,AssRe___45,AssRe___50,AssRe___55,AssRe___60,AssRe___65,AssRe___70,AssRe___75,AssRe___80,AssRe___85,AssRe___90,AssRe___95,AssRe___AUC,AssPr___5,AssPr___10,AssPr___15,AssPr___20,AssPr___25,AssPr___30,AssPr___35,AssPr___40,AssPr___45,AssPr___50,AssPr___55,AssPr___60,AssPr___65,AssPr___70,AssPr___75,AssPr___80,AssPr___85,AssPr___90,AssPr___95,AssPr___AUC,LocA___5,LocA___10,LocA___15,LocA___20,LocA___25,LocA___30,LocA___35,LocA___40,LocA___45,LocA___50,LocA___55,LocA___60,LocA___65,LocA___70,LocA___75,LocA___80,LocA___85,LocA___90,LocA___95,LocA___AUC,RHOTA___5,RHOTA___10,RHOTA___15,RHOTA___20,RHOTA___25,RHOTA___30,RHOTA___35,RHOTA___40,RHOTA___45,RHOTA___50,RHOTA___55,RHOTA___60,RHOTA___65,RHOTA___70,RHOTA___75,RHOTA___80,RHOTA___85,RHOTA___90,RHOTA___95,RHOTA___AUC,HOTA_TP___5,HOTA_TP___10,HOTA_TP___15,HOTA_TP___20,HOTA_TP___25,HOTA_TP___30,HOTA_TP___35,HOTA_TP___40,HOTA_TP___45,HOTA_TP___50,HOTA_TP___55,HOTA_TP___60,HOTA_TP___65,HOTA_TP___70,HOTA_TP___75,HOTA_TP___80,HOTA_TP___85,HOTA_TP___90,HOTA_TP___95,HOTA_TP___AUC,HOTA_FN___5,HOTA_FN___10,HOTA_FN___15,HOTA_FN___20,HOTA_FN___25,HOTA_FN___30,HOTA_FN___35,HOTA_FN___40,HOTA_FN___45,HOTA_FN___50,HOTA_FN___55,HOTA_FN___60,HOTA_FN___65,HOTA_FN___70,HOTA_FN___75,HOTA_FN___80,HOTA_FN___85,HOTA_FN___90,HOTA_FN___95,HOTA_FN___AUC,HOTA_FP___5,HOTA_FP___10,HOTA_FP___15,HOTA_FP___20,HOTA_FP___25,HOTA_FP___30,HOTA_FP___35,HOTA_FP___40,HOTA_FP___45,HOTA_FP___50,HOTA_FP___55,HOTA_FP___60,HOTA_FP___65,HOTA_FP___70,HOTA_FP___75,HOTA_FP___80,HOTA_FP___85,HOTA_FP___90,HOTA_FP___95,HOTA_FP___AUC,MOTA,MOTP,MODA,CLR_Re,CLR_Pr,MTR,PTR,MLR,sMOTA,CLR_F1,FP_per_frame,MOTAL,MOTP_sum,CLR_TP,CLR_FN,CLR_FP,IDSW,MT,PT,ML,Frag,CLR_Frames,IDF1,IDR,IDP,IDTP,IDFN,IDFP,STDA,ATA,FDA,SFDA,VACE_IDs,VACE_GT_IDs,num_non_empty_timesteps,Dets,GT_Dets,IDs,GT_IDs
v_00HRwkvvjtQ_c001,0.8194923007625637,0.9892127531292357,0.8106522350055474,0.8194923007625637,0.8179909705142407,0.8150382774164597,0.810731095687764,0.8086308942622747,0.80725009419109,0.806111084114134,0.8046368139565783,0.8030804579125006,0.8014178669179675,0.8010627361601366,0.8008856774428486,0.8008856774428486,0.8008856774428486,0.8008856774428486,0.8008856774428486,0.8008856774428486,0.8008856774428486,0.8008856774428486,0.8053962111283421,1.0,0.9978738483345145,0.9936350777934936,0.9873105393020797,0.9841632940348407,0.9820706626823695,0.980330172110994,0.9778986142781968,0.9751269924680329,0.9720181881776845,0.9713286713286713,0.9709840936899143,0.9709840936899143,0.9709840936899143,0.9709840936899143,0.9709840936899143,0.9709840936899143,0.9709840936899143,0.9709840936899143,0.9784015163173785,0.6715676310091202,0.6705348867089719,0.6685426153926989,0.6657326984270934,0.664405924421987,0.6635497213526753,0.6628532900628623,0.6620731361318879,0.6613889543233973,0.6607598553474168,0.6606430204377548,0.6605853509871487,0.6605853509871487,0.6605853509871487,0.6605853509871487,0.6605853509871487,0.6605853509871487,0.6605853509871487,0.6605853509871487,0.662986028500687,1.0,0.9989357928343384,0.9968073785030153,0.9936147570060305,0.9920184462575381,0.9909542390918765,0.9900673997871585,0.9888258247605534,0.9874068818730046,0.9858105711245122,0.985455835402625,0.9852784675416815,0.9852784675416815,0.9852784675416815,0.9852784675416815,0.9852784675416815,0.9852784675416815,0.9852784675416815,0.9852784675416815,0.9890592035249531,1.0,0.9989357928343384,0.9968073785030153,0.9936147570060305,0.9920184462575381,0.9909542390918765,0.9900673997871585,0.9888258247605534,0.9874068818730046,0.9858105711245122,0.985455835402625,0.9852784675416815,0.9852784675416815,0.9852784675416815,0.9852784675416815,0.9852784675416815,0.9852784675416815,0.9852784675416815,0.9852784675416815,0.9890592035249531,0.7269733080626547,0.7262455742654643,0.7248194848633285,0.7227542682216904,0.721755154700548,0.7211015577749776,0.7205645468994887,0.7198387360457609,0.7192580164309762,0.718820136860853,0.7187762305968065,0.7187547303713895,0.7187547303713895,0.7187547303713895,0.7187547303713895,0.7187547303713895,0.7187547303713895,0.7187547303713895,0.7187547303713895,0.7205760451417718,0.8156673157742592,0.8147634654227858,0.8129900054613851,0.8104159674743178,0.8091679871925374,0.8083505445219398,0.8076782622544583,0.8069335236121742,0.8064201648743072,0.8061061735488061,0.8060918332872256,0.8060858195932632,0.8060858195932632,0.8060858195932632,0.8060858195932632,0.8060858195932632,0.8060858195932632,0.8060858195932632,0.8060858195932632,0.8080669368510687,0.9892127531292357,0.9901808194783913,0.9920195825787445,0.9946618815821753,0.9959134827330209,0.9966824933780137,0.9972911825831965,0.9980741568548039,0.9988984512038376,0.9997456654056583,0.9999221814289323,1.0,1.0,1.0,1.0,1.0,1.0,1.0,1.0,0.9975054026503163,0.8194923007625637,0.8184261107013328,0.8163382949899789,0.8133153345281308,0.8118515460534659,0.8108929702634418,0.8101045817256567,0.8091199014283483,0.808121281178582,0.8070836699972234,0.8068671015777017,0.806759271592897,0.806759271592897,0.806759271592897,0.806759271592897,0.806759271592897,0.806759271592897,0.806759271592897,0.806759271592897,0.8097730139973475,11276.0,11264.0,11240.0,11204.0,11186.0,11174.0,11164.0,11150.0,11134.0,11116.0,11112.0,11110.0,11110.0,11110.0,11110.0,11110.0,11110.0,11110.0,11110.0,11152.631578947368,0.0,12.0,36.0,72.0,90.0,102.0,112.0,126.0,142.0,160.0,164.0,166.0,166.0,166.0,166.0,166.0,166.0,166.0,166.0,123.36842105263158,0.0,12.0,36.0,72.0,90.0,102.0,112.0,126.0,142.0,160.0,164.0,166.0,166.0,166.0,166.0,166.0,166.0,166.0,166.0,123.36842105263158,0.9984036892515076,1.0,1.0,1.0,1.0,1.0,0.0,0.0,0.9984036892515076,1.0,0.0,0.9998886775004343,11276.0,11276,0,0,18,10,0,0,8.0,1162,0.8074671869457254,0.8074671869457254,0.8074671869457254,9105,2171,2171,8.058152406410477,0.6198578774161905,1162.0,1.0,16,10,1162,11276,11276,16,10
v_00HRwkvvjtQ_c003,0.8208673714124959,1.0,0.8208673714124959,0.8208673714124959,0.8208673714124959,0.8208673714124959,0.8208673714124959,0.8208673714124959,0.8208673714124959,0.8208673714124959,0.8208673714124959,0.8208673714124959,0.8208673714124959,0.8208673714124959,0.8208673714124959,0.8208673714124959,0.8208673714124959,0.8208673714124959,0.8208673714124959,0.8208673714124959,0.8208673714124959,0.8208673714124959,0.8208673714124958,1.0,1.0,1.0,1.0,1.0,1.0,1.0,1.0,1.0,1.0,1.0,1.0,1.0,1.0,1.0,1.0,1.0,1.0,1.0,1.0,0.6738232414496605,0.6738232414496605,0.6738232414496605,0.6738232414496605,0.6738232414496605,0.6738232414496605,0.6738232414496605,0.6738232414496605,0.6738232414496605,0.6738232414496605,0.6738232414496605,0.6738232414496605,0.6738232414496605,0.6738232414496605,0.6738232414496605,0.6738232414496605,0.6738232414496605,0.6738232414496605,0.6738232414496605,0.6738232414496605,1.0,1.0,1.0,1.0,1.0,1.0,1.0,1.0,1.0,1.0,1.0,1.0,1.0,1.0,1.0,1.0,1.0,1.0,1.0,1.0,1.0,1.0,1.0,1.0,1.0,1.0,1.0,1.0,1.0,1.0,1.0,1.0,1.0,1.0,1.0,1.0,1.0,1.0,1.0,1.0,0.7316483847318117,0.7316483847318117,0.7316483847318117,0.7316483847318117,0.7316483847318117,0.7316483847318117,0.7316483847318117,0.7316483847318117,0.7316483847318117,0.7316483847318117,0.7316483847318117,0.7316483847318117,0.7316483847318117,0.7316483847318117,0.7316483847318117,0.7316483847318117,0.7316483847318117,0.7316483847318117,0.7316483847318117,0.7316483847318118,0.8317262962251327,0.8317262962251327,0.8317262962251327,0.8317262962251327,0.8317262962251327,0.8317262962251327,0.8317262962251327,0.8317262962251327,0.8317262962251327,0.8317262962251327,0.8317262962251327,0.8317262962251327,0.8317262962251327,0.8317262962251327,0.8317262962251327,0.8317262962251327,0.8317262962251327,0.8317262962251327,0.8317262962251327,0.8317262962251327,1.0,1.0,1.0,1.0,1.0,1.0,1.0,1.0,1.0,1.0,1.0,1.0,1.0,1.0,1.0,1.0,1.0,1.0,1.0,1.0,0.8208673714124959,0.8208673714124959,0.8208673714124959,0.8208673714124959,0.8208673714124959,0.8208673714124959,0.8208673714124959,0.8208673714124959,0.8208673714124959,0.8208673714124959,0.8208673714124959,0.8208673714124959,0.8208673714124959,0.8208673714124959,0.8208673714124959,0.8208673714124959,0.8208673714124959,0.8208673714124959,0.8208673714124959,0.8208673714124958,11183.0,11183.0,11183.0,11183.0,11183.0,11183.0,11183.0,11183.0,11183.0,11183.0,11183.0,11183.0,11183.0,11183.0,11183.0,11183.0,11183.0,11183.0,11183.0,11183.0,0.0,0.0,0.0,0.0,0.0,0.0,0.0,0.0,0.0,0.0,0.0,0.0,0.0,0.0,0.0,0.0,0.0,0.0,0.0,0.0,0.0,0.0,0.0,0.0,0.0,0.0,0.0,0.0,0.0,0.0,0.0,0.0,0.0,0.0,0.0,0.0,0.0,0.0,0.0,0.0,0.9991057855673791,1.0,1.0,1.0,1.0,1.0,0.0,0.0,0.9991057855673791,1.0,0.0,0.9999105785567379,11183.0,11183,0,0,10,10,0,0,6.0,1161,0.819726370383618,0.819726370383618,0.819726370383618,9167,2016,2016,8.09761997692776,0.7041408675589357,1161.0,1.0,13,10,1161,11183,11183,13,10
v_00HRwkvvjtQ_c005,0.7803536028643214,0.9873645583031126,0.7704934904123734,0.7803536028643214,0.7803536028643214,0.7797099959485682,0.7790685276362099,0.7715616685646989,0.7672954789237088,0.7613792733120288,0.7573391331449965,0.7556361364209929,0.7539499863055501,0.7528351618898427,0.7495346687225848,0.7489909363360365,0.7489909363360365,0.7489909363360365,0.7489909363360365,0.7489909363360365,0.7489909363360365,0.7489909363360365,0.7595765153131623,1.0,1.0,0.9992652461425422,0.9985310319500551,0.989762340036563,0.9846827133479212,0.9774709302325582,0.9724537876042044,0.9703113685734974,0.9681735985533454,0.9667509938561619,0.9624954922466643,0.9617880317231434,0.9617880317231434,0.9617880317231434,0.9617880317231434,0.9617880317231434,0.9617880317231434,0.9617880317231434,0.9748638802423952,0.6089517455033271,0.6089517455033271,0.6083946981334265,0.6078406692758754,0.6014650025746088,0.5979005663408465,0.5930594761434309,0.5898095826289883,0.5884564369318687,0.5871267122957172,0.5862531143795556,0.5836933514417941,0.5832755287133958,0.5832755287133958,0.5832755287133958,0.5832755287133958,0.5832755287133958,0.5832755287133958,0.5832755287133958,0.5918332527445544,1.0,1.0,0.9996324880558618,0.9992649761117236,0.9948548327820654,0.9922822491730982,0.9886071297317163,0.986034546122749,0.9849320102903344,0.9838294744579199,0.9830944505696435,0.9808893789048144,0.9805218669606762,0.9805218669606762,0.9805218669606762,0.9805218669606762,0.9805218669606762,0.9805218669606762,0.9805218669606762,0.9872144528907715,1.0,1.0,0.9996324880558618,0.9992649761117236,0.9948548327820654,0.9922822491730982,0.9886071297317163,0.986034546122749,0.9849320102903344,0.9838294744579199,0.9830944505696435,0.9808893789048144,0.9805218669606762,0.9805218669606762,0.9805218669606762,0.9805218669606762,0.9805218669606762,0.9805218669606762,0.9805218669606762,0.9872144528907715,0.687299063558862,0.687299063558862,0.6869173392345862,0.6865365724515823,0.6820567494017481,0.6794953277556655,0.6759244280816443,0.6734757229736401,0.6724412072557265,0.6714156926345614,0.6707370317848492,0.6687252231661792,0.6683934589867542,0.6683934589867542,0.6683934589867542,0.6683934589867542,0.6683934589867542,0.6683934589867542,0.6683934589867542,0.6747935597244835,0.7723597369412194,0.7723597369412194,0.7720092849233341,0.7716598134495206,0.7675573376076565,0.7652175841532188,0.7619653545773298,0.759741131946206,0.758803181984605,0.7578744495540213,0.7572604307655574,0.7554431296005719,0.755143868384578,0.755143868384578,0.755143868384578,0.755143868384578,0.755143868384578,0.755143868384578,0.755143868384578,0.760960960586132,0.9873645583031126,0.9873645583031126,0.9876739488077437,0.9879775719107139,0.9913803354425522,0.9932170676643938,0.995695802115192,0.9973196956032861,0.9979639784734691,0.9985588831782001,0.9989253900684211,0.9998632116922154,1.0,1.0,1.0,1.0,1.0,1.0,1.0,0.9959634211348638,0.7803536028643214,0.7803536028643214,0.7798532591552799,0.7793547920322885,0.7735440288442714,0.7702506856540696,0.7657041376865822,0.7626090899710168,0.7613078098874284,0.7600214239073144,0.7591720380623299,0.75666281061422,0.7562502299943679,0.7562502299943679,0.7562502299943679,0.7562502299943679,0.7562502299943679,0.7562502299943679,0.7562502299943679,0.7643652048160011,5442.0,5442.0,5440.0,5438.0,5414.0,5400.0,5380.0,5366.0,5360.0,5354.0,5350.0,5338.0,5336.0,5336.0,5336.0,5336.0,5336.0,5336.0,5336.0,5372.421052631579,0.0,0.0,2.0,4.0,28.0,42.0,62.0,76.0,82.0,88.0,92.0,104.0,106.0,106.0,106.0,106.0,106.0,106.0,106.0,69.57894736842105,0.0,0.0,2.0,4.0,28.0,42.0,62.0,76.0,82.0,88.0,92.0,104.0,106.0,106.0,106.0,106.0,106.0,106.0,106.0,69.57894736842105,0.9981624402793091,1.0,1.0,1.0,1.0,1.0,0.0,0.0,0.9981624402793091,1.0,0.0,0.9998162440279309,5442.0,5442,0,0,10,10,0,0,4.0,594,0.74090407938258,0.74090407938258,0.74090407938258,4032,1410,1410,7.303449645505068,0.6639499677731879,594.0,1.0,12,10,594,5442,5442,12,10
v_00HRwkvvjtQ_c007,0.8837102244297714,0.9996285719615512,0.8833819896745543,0.8837102244297714,0.883109037175117,0.883109037175117,0.883109037175117,0.883109037175117,0.883109037175117,0.883109037175117,0.883109037175117,0.883109037175117,0.883109037175117,0.883109037175117,0.883109037175117,0.883109037175117,0.883109037175117,0.883109037175117,0.883109037175117,0.883109037175117,0.8820873146965386,0.8820873146965386,0.8830331288749854,1.0,0.9993808049535604,0.9993808049535604,0.9993808049535604,0.9993808049535604,0.9993808049535604,0.9993808049535604,0.9993808049535604,0.9993808049535604,0.9993808049535604,0.9993808049535604,0.9993808049535604,0.9993808049535604,0.9993808049535604,0.9993808049535604,0.9993808049535604,0.9993808049535604,0.9981435643564357,0.9981435643564357,0.999283158314202,0.7809437607617169,0.7803647695400774,0.7803647695400774,0.7803647695400774,0.7803647695400774,0.7803647695400774,0.7803647695400774,0.7803647695400774,0.7803647695400774,0.7803647695400774,0.7803647695400774,0.7803647695400774,0.7803647695400774,0.7803647695400774,0.7803647695400774,0.7803647695400774,0.7803647695400774,0.7795251690574441,0.7795251690574441,0.780306863764097,1.0,0.9996903065964695,0.9996903065964695,0.9996903065964695,0.9996903065964695,0.9996903065964695,0.9996903065964695,0.9996903065964695,0.9996903065964695,0.9996903065964695,0.9996903065964695,0.9996903065964695,0.9996903065964695,0.9996903065964695,0.9996903065964695,0.9996903065964695,0.9996903065964695,0.9990709197894085,0.9990709197894085,0.9996414076380171,1.0,0.9996903065964695,0.9996903065964695,0.9996903065964695,0.9996903065964695,0.9996903065964695,0.9996903065964695,0.9996903065964695,0.9996903065964695,0.9996903065964695,0.9996903065964695,0.9996903065964695,0.9996903065964695,0.9996903065964695,0.9996903065964695,0.9996903065964695,0.9996903065964695,0.9990709197894085,0.9990709197894085,0.9996414076380171,0.8105061968615869,0.8101656739209411,0.8101656739209411,0.8101656739209411,0.8101656739209411,0.8101656739209411,0.8101656739209411,0.8101656739209411,0.8101656739209411,0.8101656739209411,0.8101656739209411,0.8101656739209411,0.8101656739209411,0.8101656739209411,0.8101656739209411,0.8101656739209411,0.8101656739209411,0.8096385789843799,0.8096385789843799,0.8101281125034424,0.9082609482808903,0.9079521289146519,0.9079521289146519,0.9079521289146519,0.9079521289146519,0.9079521289146519,0.9079521289146519,0.9079521289146519,0.9079521289146519,0.9079521289146519,0.9079521289146519,0.9079521289146519,0.9079521289146519,0.9079521289146519,0.9079521289146519,0.9079521289146519,0.9079521289146519,0.9074681191338906,0.9074681191338906,0.9079174341675319,0.9996285719615512,0.9999109961895232,0.9999109961895232,0.9999109961895232,0.9999109961895232,0.9999109961895232,0.9999109961895232,0.9999109961895232,0.9999109961895232,0.9999109961895232,0.9999109961895232,0.9999109961895232,0.9999109961895232,0.9999109961895232,0.9999109961895232,0.9999109961895232,0.9999109961895232,1.0,1.0,0.9999055005786275,0.8837102244297714,0.8832457731110879,0.8832457731110879,0.8832457731110879,0.8832457731110879,0.8832457731110879,0.8832457731110879,0.8832457731110879,0.8832457731110879,0.8832457731110879,0.8832457731110879,0.8832457731110879,0.8832457731110879,0.8832457731110879,0.8832457731110879,0.8832457731110879,0.8832457731110879,0.8824969844986524,0.8824969844986524,0.883191398063394,6458.0,6456.0,6456.0,6456.0,6456.0,6456.0,6456.0,6456.0,6456.0,6456.0,6456.0,6456.0,6456.0,6456.0,6456.0,6456.0,6456.0,6452.0,6452.0,6455.684210526316,0.0,2.0,2.0,2.0,2.0,2.0,2.0,2.0,2.0,2.0,2.0,2.0,2.0,2.0,2.0,2.0,2.0,6.0,6.0,2.3157894736842106,0.0,2.0,2.0,2.0,2.0,2.0,2.0,2.0,2.0,2.0,2.0,2.0,2.0,2.0,2.0,2.0,2.0,6.0,6.0,2.3157894736842106,0.9986063796841127,0.9999110237534162,1.0,1.0,1.0,1.0,0.0,0.0,0.9985174034375289,1.0,0.0,0.9998522386947291,6457.425391399562,6458,0,0,9,10,0,0,7.0,707,0.8507277794982967,0.8507277794982967,0.8507277794982967,5494,964,964,8.26704480222187,0.6889204001851558,707.0,1.0,14,10,707,6458,6458,14,10
v_00HRwkvvjtQ_c008,0.9995293447340126,0.9997662513507234,0.9992957060997687,0.9995293447340126,0.9995293447340126,0.9995293447340126,0.9995293447340126,0.9995293447340126,0.9995293447340126,0.9995293447340126,0.9995293447340126,0.9991116498068177,0.9986948409149851,0.9986948409149851,0.9986948409149851,0.9986948409149851,0.9986948409149851,0.9986948409149851,0.9986948409149851,0.9986948409149851,0.9986948409149851,0.9986948409149851,0.9990681482541458,1.0,1.0,1.0,1.0,1.0,1.0,1.0,1.0,0.99958071278826,0.9991616013414378,0.9991616013414378,0.9991616013414378,0.9991616013414378,0.9991616013414378,0.9991616013414378,0.9991616013414378,0.9991616013414378,0.9991616013414378,0.9991616013414378,0.9995366698001389,0.9990589109844046,0.9990589109844046,0.9990589109844046,0.9990589109844046,0.9990589109844046,0.9990589109844046,0.9990589109844046,0.9990589109844046,0.9986428069377462,0.9982282985366392,0.9982282985366392,0.9982282985366392,0.9982282985366392,0.9982282985366392,0.9982282985366392,0.9982282985366392,0.9982282985366392,0.9982282985366392,0.9982282985366392,0.99859984632523,1.0,1.0,1.0,1.0,1.0,1.0,1.0,1.0,0.9997903124344726,0.9995806248689453,0.9995806248689453,0.9995806248689453,0.9995806248689453,0.9995806248689453,0.9995806248689453,0.9995806248689453,0.9995806248689453,0.9995806248689453,0.9995806248689453,0.9997682400591538,1.0,1.0,1.0,1.0,1.0,1.0,1.0,1.0,0.9997903124344726,0.9995806248689453,0.9995806248689453,0.9995806248689453,0.9995806248689453,0.9995806248689453,0.9995806248689453,0.9995806248689453,0.9995806248689453,0.9995806248689453,0.9995806248689453,0.9997682400591538,0.999372940687802,0.999372940687802,0.999372940687802,0.999372940687802,0.999372940687802,0.999372940687802,0.999372940687802,0.999372940687802,0.9991639685655263,0.9989553548635584,0.9989553548635584,0.9989553548635584,0.9989553548635584,0.9989553548635584,0.9989553548635584,0.9989553548635584,0.9989553548635584,0.9989553548635584,0.9989553548635584,0.9991421601422906,0.999372940687802,0.999372940687802,0.999372940687802,0.999372940687802,0.999372940687802,0.999372940687802,0.999372940687802,0.999372940687802,0.9991639685655263,0.9989553548635581,0.9989553548635581,0.9989553548635581,0.9989553548635581,0.9989553548635581,0.9989553548635581,0.9989553548635581,0.9989553548635581,0.9989553548635581,0.9989553548635581,0.9991421601422906,0.9997662513507234,0.9997662513507234,0.9997662513507234,0.9997662513507234,0.9997662513507234,0.9997662513507234,0.9997662513507234,0.9997662513507234,0.9998900966458106,1.0,1.0,1.0,1.0,1.0,1.0,1.0,1.0,1.0,1.0,0.9998957951290315,0.9995293447340126,0.9995293447340126,0.9995293447340126,0.9995293447340126,0.9995293447340126,0.9995293447340126,0.9995293447340126,0.9995293447340126,0.9992163949609354,0.9989042328537395,0.9989042328537395,0.9989042328537395,0.9989042328537395,0.9989042328537395,0.9989042328537395,0.9989042328537395,0.9989042328537395,0.9989042328537395,0.9989042328537395,0.9991838674405491,9538.0,9538.0,9538.0,9538.0,9538.0,9538.0,9538.0,9538.0,9536.0,9534.0,9534.0,9534.0,9534.0,9534.0,9534.0,9534.0,9534.0,9534.0,9534.0,9535.78947368421,0.0,0.0,0.0,0.0,0.0,0.0,0.0,0.0,2.0,4.0,4.0,4.0,4.0,4.0,4.0,4.0,4.0,4.0,4.0,2.210526315789474,0.0,0.0,0.0,0.0,0.0,0.0,0.0,0.0,2.0,4.0,4.0,4.0,4.0,4.0,4.0,4.0,4.0,4.0,4.0,2.210526315789474,0.9997903124344726,1.0,1.0,1.0,1.0,1.0,0.0,0.0,0.9997903124344726,1.0,0.0,0.9999684388765292,9538.0,9538,0,0,2,10,0,0,0.0,972,0.9992660935206542,0.9992660935206542,0.9992660935206542,9531,7,7,9.989384288747345,0.9989384288747345,972.0,1.0,10,10,972,9538,9538,10,10
v_00HRwkvvjtQ_c011,0.8883585676804324,0.9974757813316328,0.8861161563996895,0.8883585676804324,0.8883585676804324,0.8874446790877774,0.8869898732436944,0.8865364860376659,0.8860845122541825,0.8842906479231977,0.8838456639052165,0.8834020625457174,0.8829598388040294,0.8829598388040294,0.8829598388040294,0.8823496015107871,0.8823496015107871,0.8823496015107871,0.8823496015107871,0.8823496015107871,0.8823496015107871,0.8823496015107871,0.8842440940708377,1.0,1.0,0.9988546886184682,0.9982825246887076,0.9977106882243526,0.997139178944357,0.994856408058294,0.9942865304956435,0.9937169784378124,0.9931477516059957,0.9931477516059957,0.9931477516059957,0.9925788497217068,0.9925788497217068,0.9925788497217068,0.9925788497217068,0.9925788497217068,0.9925788497217068,0.9925788497217068,0.9948601158072404,0.7891809447712295,0.7891809447712295,0.7884610919036604,0.7881045854050145,0.7877503472221786,0.787398368689057,0.7860128795175926,0.7856720710222631,0.7853334712433573,0.7849970718658282,0.7849970718658282,0.7849970718658282,0.7843616852248336,0.7843616852248336,0.7843616852248336,0.7843616852248336,0.7843616852248336,0.7843616852248336,0.7843616852248336,0.7859272482482581,1.0,1.0,0.9994270161867927,0.9991405242801891,0.9988540323735855,0.9985675404669818,0.9974215728405672,0.9971350809339636,0.99684858902736,0.9965620971207564,0.9965620971207564,0.9965620971207564,0.9962756052141527,0.9962756052141527,0.9962756052141527,0.9962756052141527,0.9962756052141527,0.9962756052141527,0.9962756052141527,0.997421572840567,1.0,1.0,0.9994270161867927,0.9991405242801891,0.9988540323735855,0.9985675404669818,0.9974215728405672,0.9971350809339636,0.99684858902736,0.9965620971207564,0.9965620971207564,0.9965620971207564,0.9962756052141527,0.9962756052141527,0.9962756052141527,0.9962756052141527,0.9962756052141527,0.9962756052141527,0.9962756052141527,0.997421572840567,0.8100748995928306,0.8100748995928306,0.8096793186247477,0.8094826490702178,0.8092867276593775,0.8090915550361601,0.808318365324093,0.8081269463239072,0.8079362799905075,0.8077463669730245,0.8077463669730245,0.8077463669730245,0.8074039110978621,0.8074039110978621,0.8074039110978621,0.8074039110978621,0.8074039110978621,0.8074039110978621,0.8074039110978621,0.8082704273588833,0.9362743170475784,0.9362743170475784,0.9357090608719617,0.9354280481482505,0.9351481135694567,0.9348692580635489,0.9337646453654673,0.9334911991808571,0.9332188376593685,0.9329475617364597,0.9329475617364597,0.9329475617364597,0.9326411090804961,0.9326411090804961,0.9326411090804961,0.9326411090804961,0.9326411090804961,0.9326411090804961,0.9326411090804961,0.9337635918803642,0.9974757813316328,0.9974757813316328,0.9979707433426475,0.9982129682010129,0.9984374291791983,0.9986407654658319,0.9994088389371019,0.9995829516477781,0.999741817703536,0.999887355471775,0.999887355471775,0.999887355471775,1.0,1.0,1.0,1.0,1.0,1.0,1.0,0.9992952180818788,0.8883585676804324,0.8883585676804324,0.8876988883966543,0.887370964506495,0.8870443116477131,0.88671892524607,0.8854299535035961,0.8851108315495518,0.8847929490705153,0.8844763016453651,0.8844763016453651,0.8844763016453651,0.8839911835839562,0.8839911835839562,0.8839911835839562,0.8839911835839562,0.8839911835839562,0.8839911835839562,0.8839911835839562,0.8853816394371183,6981.0,6981.0,6977.0,6975.0,6973.0,6971.0,6963.0,6961.0,6959.0,6957.0,6957.0,6957.0,6955.0,6955.0,6955.0,6955.0,6955.0,6955.0,6955.0,6963.0,0.0,0.0,4.0,6.0,8.0,10.0,18.0,20.0,22.0,24.0,24.0,24.0,26.0,26.0,26.0,26.0,26.0,26.0,26.0,18.0,0.0,0.0,4.0,6.0,8.0,10.0,18.0,20.0,22.0,24.0,24.0,24.0,26.0,26.0,26.0,26.0,26.0,26.0,26.0,18.0,0.9979945566537746,0.9997691314338105,1.0,1.0,1.0,1.0,0.0,0.0,0.9977636880875851,1.0,0.0,0.9998358217969233,6979.388306539431,6981,0,0,14,10,0,0,8.0,734,0.8550350952585589,0.8550350952585589,0.8550350952585589,5969,1012,1012,8.467963052070171,0.7056635876725142,734.0,1.0,14,10,734,6981,6981,14,10
v_0kUtTtmLaJA_c004,0.9761234680995293,1.0,0.9761234680995293,0.9761234680995293,0.9761234680995293,0.9761234680995293,0.9761234680995293,0.9761234680995293,0.9761234680995293,0.9761234680995293,0.9761234680995293,0.9761234680995293,0.9761234680995293,0.9761234680995293,0.9761234680995293,0.9761234680995293,0.9761234680995293,0.9761234680995293,0.9761234680995293,0.9761234680995293,0.9761234680995293,0.9761234680995293,0.9761234680995293,1.0,1.0,1.0,1.0,1.0,1.0,1.0,1.0,1.0,1.0,1.0,1.0,1.0,1.0,1.0,1.0,1.0,1.0,1.0,1.0,0.9528170249746529,0.9528170249746529,0.9528170249746529,0.9528170249746529,0.9528170249746529,0.9528170249746529,0.9528170249746529,0.9528170249746529,0.9528170249746529,0.9528170249746529,0.9528170249746529,0.9528170249746529,0.9528170249746529,0.9528170249746529,0.9528170249746529,0.9528170249746529,0.9528170249746529,0.9528170249746529,0.9528170249746529,0.9528170249746528,1.0,1.0,1.0,1.0,1.0,1.0,1.0,1.0,1.0,1.0,1.0,1.0,1.0,1.0,1.0,1.0,1.0,1.0,1.0,1.0,1.0,1.0,1.0,1.0,1.0,1.0,1.0,1.0,1.0,1.0,1.0,1.0,1.0,1.0,1.0,1.0,1.0,1.0,1.0,1.0,0.9650649885137754,0.9650649885137754,0.9650649885137754,0.9650649885137754,0.9650649885137754,0.9650649885137754,0.9650649885137754,0.9650649885137754,0.9650649885137754,0.9650649885137754,0.9650649885137754,0.9650649885137754,0.9650649885137754,0.9650649885137754,0.9650649885137754,0.9650649885137754,0.9650649885137754,0.9650649885137754,0.9650649885137754,0.9650649885137752,0.9737521126717816,0.9737521126717816,0.9737521126717816,0.9737521126717816,0.9737521126717816,0.9737521126717816,0.9737521126717816,0.9737521126717816,0.9737521126717816,0.9737521126717816,0.9737521126717816,0.9737521126717816,0.9737521126717816,0.9737521126717816,0.9737521126717816,0.9737521126717816,0.9737521126717816,0.9737521126717816,0.9737521126717816,0.9737521126717817,1.0,1.0,1.0,1.0,1.0,1.0,1.0,1.0,1.0,1.0,1.0,1.0,1.0,1.0,1.0,1.0,1.0,1.0,1.0,1.0,0.9761234680995293,0.9761234680995293,0.9761234680995293,0.9761234680995293,0.9761234680995293,0.9761234680995293,0.9761234680995293,0.9761234680995293,0.9761234680995293,0.9761234680995293,0.9761234680995293,0.9761234680995293,0.9761234680995293,0.9761234680995293,0.9761234680995293,0.9761234680995293,0.9761234680995293,0.9761234680995293,0.9761234680995293,0.9761234680995293,6265.0,6265.0,6265.0,6265.0,6265.0,6265.0,6265.0,6265.0,6265.0,6265.0,6265.0,6265.0,6265.0,6265.0,6265.0,6265.0,6265.0,6265.0,6265.0,6265.0,0.0,0.0,0.0,0.0,0.0,0.0,0.0,0.0,0.0,0.0,0.0,0.0,0.0,0.0,0.0,0.0,0.0,0.0,0.0,0.0,0.0,0.0,0.0,0.0,0.0,0.0,0.0,0.0,0.0,0.0,0.0,0.0,0.0,0.0,0.0,0.0,0.0,0.0,0.0,0.0,0.9980845969672786,1.0,1.0,1.0,1.0,1.0,0.0,0.0,0.9980845969672786,1.0,0.0,0.9998277444140387,6265.0,6265,0,0,12,12,0,0,3.0,542,0.9816440542697525,0.9816440542697525,0.9816440542697525,6150,115,115,11.754677237235104,0.9042059413257773,542.0,1.0,14,12,542,6265,6265,14,12
v_0kUtTtmLaJA_c005,0.9475432750983981,0.9952582590793486,0.943050270376776,0.9475432750983981,0.9475432750983981,0.9475432750983981,0.9475432750983981,0.9475432750983981,0.9475432750983981,0.9453820231241091,0.9439604179535613,0.9404722784256763,0.9397857514907251,0.9391028700325099,0.9377479512647452,0.9364073394497099,0.9364073394497099,0.9357423423809335,0.9350808548952078,0.9350808548952078,0.9350808548952078,0.9350808548952078,0.9410837570391,1.0,1.0,1.0,1.0,1.0,1.0,0.9969127862104451,0.9948599331791314,0.9897462189182261,0.9887266205482962,0.987708066581306,0.9856740854438475,0.9836442627140302,0.9836442627140302,0.9826309067688378,0.9816185856522849,0.9816185856522849,0.9816185856522849,0.9816185856522849,0.9905274466151205,0.8978382581841985,0.8978382581841985,0.8978382581841985,0.8978382581841985,0.8978382581841985,0.8978382581841985,0.896514902816751,0.8956650488633363,0.8936514124336958,0.8932674010690758,0.8928895392702556,0.8921521150728513,0.8914388449294588,0.8914388449294588,0.8910911770563131,0.890749439723098,0.890749439723098,0.890749439723098,0.890749439723098,0.8941124523388833,1.0,1.0,1.0,1.0,1.0,1.0,0.9984540066993043,0.9974233444988405,0.994846688997681,0.9943313578974491,0.9938160267972173,0.9927853645967534,0.9917547023962896,0.9917547023962896,0.9912393712960578,0.9907240401958258,0.9907240401958258,0.9907240401958258,0.9907240401958258,0.9952264066504835,1.0,1.0,1.0,1.0,1.0,1.0,0.9984540066993043,0.9974233444988405,0.994846688997681,0.9943313578974491,0.9938160267972173,0.9927853645967534,0.9917547023962896,0.9917547023962896,0.9912393712960578,0.9907240401958258,0.9907240401958258,0.9907240401958258,0.9907240401958258,0.9952264066504835,0.9278229464837612,0.9278229464837612,0.9278229464837612,0.9278229464837612,0.9278229464837612,0.9278229464837612,0.9268859735657001,0.9262745153706413,0.9247922754849305,0.9245038157374927,0.9242180283984194,0.9236544875915642,0.9231016864432571,0.9231016864432571,0.922829323709923,0.922559658471288,0.922559658471288,0.922559658471288,0.922559658471288,0.9250809529227845,0.9265196626442233,0.9265196626442233,0.9265196626442233,0.9265196626442233,0.9265196626442233,0.9265196626442233,0.925413923149675,0.9246908152255425,0.9229324812596403,0.9225893243201081,0.9222490142947121,0.9215769527195086,0.9209163320925321,0.9209163320925321,0.9205903232871001,0.9202671881202534,0.9202671881202534,0.9202671881202534,0.9202671881202534,0.9232664329888265,0.9952582590793486,0.9952582590793486,0.9952582590793486,0.9952582590793486,0.9952582590793486,0.9952582590793486,0.9962909255054361,0.9969415286019481,0.9984090297105559,0.9986679895450303,0.9989263589916842,0.9993514760622099,0.999755599295868,0.999755599295868,0.9998874030096798,1.0,1.0,1.0,1.0,0.997870287604967,0.9475432750983981,0.9475432750983981,0.9475432750983981,0.9475432750983981,0.9475432750983981,0.9475432750983981,0.9461125180352612,0.9451757659758243,0.9428924375440516,0.94244564186511,0.9420020882600862,0.9411246266241073,0.9402598929857147,0.9402598929857147,0.9398322499854769,0.939407730287885,0.939407730287885,0.939407730287885,0.939407730287885,0.9433155624212253,3881.0,3881.0,3881.0,3881.0,3881.0,3881.0,3875.0,3871.0,3861.0,3859.0,3857.0,3853.0,3849.0,3849.0,3847.0,3845.0,3845.0,3845.0,3845.0,3862.4736842105262,0.0,0.0,0.0,0.0,0.0,0.0,6.0,10.0,20.0,22.0,24.0,28.0,32.0,32.0,34.0,36.0,36.0,36.0,36.0,18.526315789473685,0.0,0.0,0.0,0.0,0.0,0.0,6.0,10.0,20.0,22.0,24.0,28.0,32.0,32.0,34.0,36.0,36.0,36.0,36.0,18.526315789473685,0.9961350167482608,0.998902736656567,1.0,1.0,1.0,1.0,0.0,0.0,0.9950377534048278,1.0,0.0,0.9996969617987489,3876.7415209641367,3881,0,0,15,12,0,0,3.0,349,0.9500128832775058,0.9500128832775058,0.9500128832775058,3687,194,194,11.300952984897664,0.8072109274926903,349.0,1.0,16,12,349,3881,3881,16,12
v_0kUtTtmLaJA_c006,0.7962541247927396,0.9979029510149998,0.7945843408885408,0.7962541247927396,0.7962541247927396,0.7962541247927396,0.7962541247927396,0.7933087765332105,0.7933087765332105,0.7933087765332105,0.7933087765332105,0.7933087765332105,0.7925623650261708,0.7910822727429988,0.7910822727429988,0.7910822727429988,0.7910822727429988,0.7910822727429988,0.7910822727429988,0.7910822727429988,0.7910822727429988,0.7910822727429988,0.7928349053447459,1.0,1.0,1.0,1.0,0.9967663702506063,0.9967663702506063,0.9967663702506063,0.9967663702506063,0.9967663702506063,0.9956908160517102,0.993543179983858,0.993543179983858,0.993543179983858,0.993543179983858,0.993543179983858,0.993543179983858,0.993543179983858,0.993543179983858,0.993543179983858,0.9958637519557615,0.6340206312494517,0.6340206312494517,0.6340206312494517,0.6340206312494517,0.631380465581309,0.631380465581309,0.631380465581309,0.631380465581309,0.631380465581309,0.6308736530751075,0.6298781722384685,0.6298781722384685,0.6298781722384685,0.6298781722384685,0.6298781722384685,0.6298781722384685,0.6298781722384685,0.6298781722384685,0.6298781722384685,0.631198002953983,1.0,1.0,1.0,1.0,0.9983805668016195,0.9983805668016195,0.9983805668016195,0.9983805668016195,0.9983805668016195,0.9978407557354926,0.9967611336032388,0.9967611336032388,0.9967611336032388,0.9967611336032388,0.9967611336032388,0.9967611336032388,0.9967611336032388,0.9967611336032388,0.9967611336032388,0.9979259890617233,1.0,1.0,1.0,1.0,0.9983805668016195,0.9983805668016195,0.9983805668016195,0.9983805668016195,0.9983805668016195,0.9978407557354926,0.9967611336032388,0.9967611336032388,0.9967611336032388,0.9967611336032388,0.9967611336032388,0.9967611336032388,0.9967611336032388,0.9967611336032388,0.9967611336032388,0.9979259890617233,0.716493624927314,0.716493624927314,0.716493624927314,0.716493624927314,0.7148617518897247,0.7148617518897247,0.7148617518897247,0.7148617518897247,0.7148617518897247,0.7144657795506921,0.7136819531170737,0.7136819531170737,0.7136819531170737,0.7136819531170737,0.7136819531170737,0.7136819531170737,0.7136819531170737,0.7136819531170737,0.7136819531170737,0.7146256114085388,0.7458660577611799,0.7458660577611799,0.7458660577611799,0.7458660577611799,0.7440765795817863,0.7440765795817863,0.7440765795817863,0.7440765795817863,0.7440765795817863,0.7436644439970018,0.7428487034783131,0.7428487034783131,0.7428487034783131,0.7428487034783131,0.7428487034783131,0.7428487034783131,0.7428487034783131,0.7428487034783131,0.7428487034783131,0.7438499949608142,0.9979029510149998,0.9979029510149998,0.9979029510149998,0.9979029510149998,0.9991793309474599,0.9991793309474599,0.9991793309474599,0.9991793309474599,0.9991793309474599,0.9994729593354731,1.0,1.0,1.0,1.0,1.0,1.0,1.0,1.0,1.0,0.9993148114806721,0.7962541247927396,0.7962541247927396,0.7962541247927396,0.7962541247927396,0.7939508719653489,0.7939508719653489,0.7939508719653489,0.7939508719653489,0.7939508719653489,0.7934175714956634,0.792362341982727,0.792362341982727,0.792362341982727,0.792362341982727,0.792362341982727,0.792362341982727,0.792362341982727,0.792362341982727,0.792362341982727,0.7936552372809426,3705.0,3705.0,3705.0,3705.0,3699.0,3699.0,3699.0,3699.0,3699.0,3697.0,3693.0,3693.0,3693.0,3693.0,3693.0,3693.0,3693.0,3693.0,3693.0,3697.315789473684,0.0,0.0,0.0,0.0,6.0,6.0,6.0,6.0,6.0,8.0,12.0,12.0,12.0,12.0,12.0,12.0,12.0,12.0,12.0,7.684210526315789,0.0,0.0,0.0,0.0,6.0,6.0,6.0,6.0,6.0,8.0,12.0,12.0,12.0,12.0,12.0,12.0,12.0,12.0,12.0,7.684210526315789,0.9940620782726046,0.9987165695077261,1.0,1.0,1.0,1.0,0.0,0.0,0.9927786477803306,1.0,0.0,0.9996376726907363,3700.244890026125,3705,0,0,22,12,0,0,6.0,346,0.7805668016194331,0.7805668016194331,0.7805668016194331,2892,813,813,9.063424572644106,0.625063763630628,346.0,1.0,17,12,346,3705,3705,17,12
v_0kUtTtmLaJA_c007,0.9399116369396701,0.9934495379948021,0.9337547814736533,0.9399116369396701,0.9392312749179577,0.9384011533567458,0.9384011533567458,0.9377203546604554,0.9377203546604554,0.9377203546604554,0.9377203546604554,0.9377203546604554,0.9377203546604554,0.9328912011482977,0.9289160939456258,0.9276235466757583,0.9263468630204641,0.9257144004290941,0.9257144004290941,0.9244610966387936,0.9238402013345792,0.9238402013345792,0.9327165974468493,0.9993348852677086,0.9986702127659575,0.9973421926910299,0.9973421926910299,0.9966788442377947,0.9966788442377947,0.9966788442377947,0.9966788442377947,0.9966788442377947,0.9966788442377947,0.9874380165289256,0.9795851168916694,0.976981256165735,0.9743842364532019,0.9730882835575977,0.9730882835575977,0.9705014749262537,0.969210612512283,0.969210612512283,0.9866447601025286,0.884021861218174,0.88333002877973,0.8829434180912809,0.8829434180912809,0.8822495517269513,0.8822495517269513,0.8822495517269513,0.8822495517269513,0.8822495517269513,0.8822495517269513,0.8813575926914091,0.8808679253204943,0.8807594198115711,0.8806777434653916,0.8806468700134894,0.8806468700134894,0.8806048638550932,0.8805936569241801,0.8805936569241801,0.8817623492400776,0.9996673320026613,0.9993346640053227,0.9986693280106453,0.9986693280106453,0.9983366600133067,0.9983366600133067,0.9983366600133067,0.9983366600133067,0.9983366600133067,0.9983366600133067,0.9936793080505656,0.9896872920825016,0.9883566200931471,0.9870259481037924,0.9863606121091151,0.9863606121091151,0.9850299401197605,0.9843646041250832,0.9843646041250832,0.9932415870014356,0.9996673320026613,0.9993346640053227,0.9986693280106453,0.9986693280106453,0.9983366600133067,0.9983366600133067,0.9983366600133067,0.9983366600133067,0.9983366600133067,0.9983366600133067,0.9936793080505656,0.9896872920825016,0.9883566200931471,0.9870259481037924,0.9863606121091151,0.9863606121091151,0.9850299401197605,0.9843646041250832,0.9843646041250832,0.9932415870014356,0.9136813316914186,0.9133212928220623,0.9132668559379326,0.9132668559379326,0.9129061937656068,0.9129061937656068,0.9129061937656068,0.9129061937656068,0.9129061937656068,0.9129061937656068,0.9114602800449536,0.9104035884646952,0.9100892056297578,0.9097938742028847,0.9096533768628449,0.9096533768628449,0.9093867673481568,0.9092606746194909,0.9092606746194909,0.9115755430335847,0.9140042555551402,0.9136474720215297,0.9135963810202906,0.9135963810202906,0.9132387325090282,0.9132387325090282,0.9132387325090282,0.9132387325090282,0.9132387325090282,0.9132387325090282,0.9117943773897836,0.9107390334290674,0.9104251022197973,0.9101302236363217,0.9099899531761696,0.9099899531761696,0.9097237983407295,0.9095979334126667,0.9095979334126667,0.9119086943613048,0.9934495379948021,0.9937476765915492,0.9943245362857108,0.9943245362857108,0.9945828389224488,0.9945828389224488,0.9945828389224488,0.9945828389224488,0.9945828389224488,0.9945828389224488,0.9968043553668975,0.9985235069780831,0.9990294680474612,0.9994890345737235,0.999659172817425,0.999659172817425,0.9999054935426562,1.0,1.0,0.9966533434124283,0.9400679632005332,0.9395436751510828,0.9390252978576464,0.9390252978576464,0.9384999045121537,0.9384999045121537,0.9384999045121537,0.9384999045121537,0.9384999045121537,0.9384999045121537,0.9358348160069231,0.9336936283882263,0.9330082546688243,0.9323367335452554,0.9320061082195126,0.9320061082195126,0.9313550108913101,0.931034492644193,0.931034492644193,0.9358405950719885,3005.0,3004.0,3002.0,3002.0,3001.0,3001.0,3001.0,3001.0,3001.0,3001.0,2987.0,2975.0,2971.0,2967.0,2965.0,2965.0,2961.0,2959.0,2959.0,2985.684210526316,1.0,2.0,4.0,4.0,5.0,5.0,5.0,5.0,5.0,5.0,19.0,31.0,35.0,39.0,41.0,41.0,45.0,47.0,47.0,20.31578947368421,1.0,2.0,4.0,4.0,5.0,5.0,5.0,5.0,5.0,5.0,19.0,31.0,35.0,39.0,41.0,41.0,45.0,47.0,47.0,20.31578947368421,0.9983366600133067,0.9985934907879629,1.0,1.0,1.0,1.0,0.0,0.0,0.9969301508012696,1.0,0.0,0.9997674750484578,3001.7720333086163,3006,0,0,5,12,0,0,1.0,271,0.9334664005322688,0.9334664005322688,0.9334664005322688,2806,200,200,11.248137729134722,0.8998510183307777,271.0,1.0,13,12,271,3006,3006,13,12
v_0kUtTtmLaJA_c008,0.9842252114035973,0.992884383757375,0.9772218425029329,0.9842252114035973,0.979597640715765,0.9707502687022177,0.9707502687022177,0.9707502687022177,0.9707502687022177,0.9707502687022177,0.9707502687022177,0.9707502687022177,0.9707502687022177,0.9707502687022177,0.9707502687022177,0.9707502687022177,0.9707502687022177,0.9707502687022177,0.9707502687022177,0.9707502687022177,0.9707502687022177,0.9707502687022177,0.9719251273714244,1.0,0.9947002318648559,0.9841845140032949,0.9841845140032949,0.9841845140032949,0.9841845140032949,0.9841845140032949,0.9841845140032949,0.9841845140032949,0.9841845140032949,0.9841845140032949,0.9841845140032949,0.9841845140032949,0.9841845140032949,0.9841845140032949,0.9841845140032949,0.9841845140032949,0.9841845140032949,0.9841845140032949,0.9855703668379405,0.9686992667624559,0.9647243530815521,0.9574994025787659,0.9574994025787659,0.9574994025787659,0.9574994025787659,0.9574994025787659,0.9574994025787659,0.9574994025787659,0.9574994025787659,0.9574994025787659,0.9574994025787659,0.9574994025787659,0.9574994025787659,0.9574994025787659,0.9574994025787659,0.9574994025787659,0.9574994025787659,0.9574994025787659,0.9584691296675277,1.0,0.9973430753902358,0.9920292261707074,0.9920292261707074,0.9920292261707074,0.9920292261707074,0.9920292261707074,0.9920292261707074,0.9920292261707074,0.9920292261707074,0.9920292261707074,0.9920292261707074,0.9920292261707074,0.9920292261707074,0.9920292261707074,0.9920292261707074,0.9920292261707074,0.9920292261707074,0.9920292261707074,0.9927284168574875,1.0,0.9973430753902358,0.9920292261707074,0.9920292261707074,0.9920292261707074,0.9920292261707074,0.9920292261707074,0.9920292261707074,0.9920292261707074,0.9920292261707074,0.9920292261707074,0.9920292261707074,0.9920292261707074,0.9920292261707074,0.9920292261707074,0.9920292261707074,0.9920292261707074,0.9920292261707074,0.9920292261707074,0.9927284168574875,0.9782729150302427,0.9759513423648619,0.971525072500007,0.971525072500007,0.971525072500007,0.971525072500007,0.971525072500007,0.971525072500007,0.971525072500007,0.971525072500007,0.971525072500007,0.971525072500007,0.971525072500007,0.971525072500007,0.971525072500007,0.971525072500007,0.971525072500007,0.971525072500007,0.971525072500007,0.972113183678696,0.9789343316439023,0.9766145209941423,0.9721918034754771,0.9721918034754771,0.9721918034754771,0.9721918034754771,0.9721918034754771,0.9721918034754771,0.9721918034754771,0.9721918034754771,0.9721918034754771,0.9721918034754771,0.9721918034754771,0.9721918034754771,0.9721918034754771,0.9721918034754771,0.9721918034754771,0.9721918034754771,0.9721918034754771,0.9727794479853241,0.992884383757375,0.9952845457433352,1.0,1.0,1.0,1.0,1.0,1.0,1.0,1.0,1.0,1.0,1.0,1.0,1.0,1.0,1.0,1.0,1.0,0.9993773120789847,0.9842252114035973,0.980898135998948,0.9746114053299026,0.9746114053299026,0.9746114053299026,0.9746114053299026,0.9746114053299026,0.9746114053299026,0.9746114053299026,0.9746114053299026,0.9746114053299026,0.9746114053299026,0.9746114053299026,0.9746114053299026,0.9746114053299026,0.9746114053299026,0.9746114053299026,0.9746114053299026,0.9746114053299026,0.9754482756847838,3011.0,3003.0,2987.0,2987.0,2987.0,2987.0,2987.0,2987.0,2987.0,2987.0,2987.0,2987.0,2987.0,2987.0,2987.0,2987.0,2987.0,2987.0,2987.0,2989.1052631578946,0.0,8.0,24.0,24.0,24.0,24.0,24.0,24.0,24.0,24.0,24.0,24.0,24.0,24.0,24.0,24.0,24.0,24.0,24.0,21.894736842105264,0.0,8.0,24.0,24.0,24.0,24.0,24.0,24.0,24.0,24.0,24.0,24.0,24.0,24.0,24.0,24.0,24.0,24.0,24.0,21.894736842105264,0.9990036532713384,1.0,1.0,1.0,1.0,1.0,0.0,0.0,0.9990036532713384,1.0,0.0,0.9998415405995617,3011.0,3011,0,0,3,12,0,0,2.0,266,0.980405181002989,0.980405181002989,0.980405181002989,2952,59,59,11.766408205265959,0.9413126564212767,266.0,1.0,13,12,266,3011,3011,13,12
v_0kUtTtmLaJA_c010,0.9548720528366552,0.9999407195493621,0.9548154475910615,0.9548720528366552,0.9548720528366552,0.9548720528366552,0.9548720528366552,0.9548720528366552,0.9548720528366552,0.9548720528366552,0.9548720528366552,0.9548720528366552,0.9548720528366552,0.9548720528366552,0.9548720528366552,0.9548720528366552,0.9548720528366552,0.9548720528366552,0.9548720528366552,0.9548720528366552,0.9548720528366552,0.9535368031565051,0.9548017765377,1.0,1.0,1.0,1.0,1.0,1.0,1.0,1.0,1.0,1.0,1.0,1.0,1.0,1.0,1.0,1.0,1.0,1.0,0.9986919555264879,0.9999311555540258,0.9117806372884881,0.9117806372884881,0.9117806372884881,0.9117806372884881,0.9117806372884881,0.9117806372884881,0.9117806372884881,0.9117806372884881,0.9117806372884881,0.9117806372884881,0.9117806372884881,0.9117806372884881,0.9117806372884881,0.9117806372884881,0.9117806372884881,0.9117806372884881,0.9117806372884881,0.9117806372884881,0.9104233091520205,0.911709198965516,1.0,1.0,1.0,1.0,1.0,1.0,1.0,1.0,1.0,1.0,1.0,1.0,1.0,1.0,1.0,1.0,1.0,1.0,0.9993455497382199,0.9999655552493799,1.0,1.0,1.0,1.0,1.0,1.0,1.0,1.0,1.0,1.0,1.0,1.0,1.0,1.0,1.0,1.0,1.0,1.0,0.9993455497382199,0.9999655552493799,0.93175968699059,0.93175968699059,0.93175968699059,0.93175968699059,0.93175968699059,0.93175968699059,0.93175968699059,0.93175968699059,0.93175968699059,0.93175968699059,0.93175968699059,0.93175968699059,0.93175968699059,0.93175968699059,0.93175968699059,0.93175968699059,0.93175968699059,0.93175968699059,0.9310626796267503,0.9317230023924931,0.9524492482408846,0.9524492482408846,0.9524492482408846,0.9524492482408846,0.9524492482408846,0.9524492482408846,0.9524492482408846,0.9524492482408846,0.9524492482408846,0.9524492482408846,0.9524492482408846,0.9524492482408846,0.9524492482408846,0.9524492482408846,0.9524492482408846,0.9524492482408846,0.9524492482408846,0.9524492482408846,0.95176579003307,0.9524132767562627,0.9999407195493621,0.9999407195493621,0.9999407195493621,0.9999407195493621,0.9999407195493621,0.9999407195493621,0.9999407195493621,0.9999407195493621,0.9999407195493621,0.9999407195493621,0.9999407195493621,0.9999407195493621,0.9999407195493621,0.9999407195493621,0.9999407195493621,0.9999407195493621,0.9999407195493621,0.9999407195493621,1.0,0.9999438395730799,0.9548720528366552,0.9548720528366552,0.9548720528366552,0.9548720528366552,0.9548720528366552,0.9548720528366552,0.9548720528366552,0.9548720528366552,0.9548720528366552,0.9548720528366552,0.9548720528366552,0.9548720528366552,0.9548720528366552,0.9548720528366552,0.9548720528366552,0.9548720528366552,0.9548720528366552,0.9548720528366552,0.9538487733278348,0.9548181960204015,3056.0,3056.0,3056.0,3056.0,3056.0,3056.0,3056.0,3056.0,3056.0,3056.0,3056.0,3056.0,3056.0,3056.0,3056.0,3056.0,3056.0,3056.0,3054.0,3055.8947368421054,0.0,0.0,0.0,0.0,0.0,0.0,0.0,0.0,0.0,0.0,0.0,0.0,0.0,0.0,0.0,0.0,0.0,0.0,2.0,0.10526315789473684,0.0,0.0,0.0,0.0,0.0,0.0,0.0,0.0,0.0,0.0,0.0,0.0,0.0,0.0,0.0,0.0,0.0,0.0,2.0,0.10526315789473684,0.9964005235602095,0.9999407195493621,1.0,1.0,1.0,1.0,0.0,0.0,0.9963412431095715,1.0,0.0,0.9996592301422911,3055.8188389428506,3056,0,0,11,12,0,0,3.0,270,0.9613874345549738,0.9613874345549738,0.9613874345549738,2938,118,118,11.530180279718758,0.8869369445937506,270.0,1.0,14,12,270,3056,3056,14,12
v_2QhNRucNC7E_c017,0.9123481674759478,1.0,0.9123481674759478,0.9123481674759478,0.9123481674759478,0.9123481674759478,0.9123481674759478,0.9123481674759478,0.9123481674759478,0.9123481674759478,0.9123481674759478,0.9123481674759478,0.9123481674759478,0.9123481674759478,0.9123481674759478,0.9123481674759478,0.9123481674759478,0.9123481674759478,0.9123481674759478,0.9123481674759478,0.9123481674759478,0.9123481674759478,0.9123481674759478,1.0,1.0,1.0,1.0,1.0,1.0,1.0,1.0,1.0,1.0,1.0,1.0,1.0,1.0,1.0,1.0,1.0,1.0,1.0,1.0,0.8323791786967202,0.8323791786967202,0.8323791786967202,0.8323791786967202,0.8323791786967202,0.8323791786967202,0.8323791786967202,0.8323791786967202,0.8323791786967202,0.8323791786967202,0.8323791786967202,0.8323791786967202,0.8323791786967202,0.8323791786967202,0.8323791786967202,0.8323791786967202,0.8323791786967202,0.8323791786967202,0.8323791786967202,0.8323791786967203,1.0,1.0,1.0,1.0,1.0,1.0,1.0,1.0,1.0,1.0,1.0,1.0,1.0,1.0,1.0,1.0,1.0,1.0,1.0,1.0,1.0,1.0,1.0,1.0,1.0,1.0,1.0,1.0,1.0,1.0,1.0,1.0,1.0,1.0,1.0,1.0,1.0,1.0,1.0,1.0,0.8948666043895708,0.8948666043895708,0.8948666043895708,0.8948666043895708,0.8948666043895708,0.8948666043895708,0.8948666043895708,0.8948666043895708,0.8948666043895708,0.8948666043895708,0.8948666043895708,0.8948666043895708,0.8948666043895708,0.8948666043895708,0.8948666043895708,0.8948666043895708,0.8948666043895708,0.8948666043895708,0.8948666043895708,0.8948666043895707,0.9006237297583806,0.9006237297583806,0.9006237297583806,0.9006237297583806,0.9006237297583806,0.9006237297583806,0.9006237297583806,0.9006237297583806,0.9006237297583806,0.9006237297583806,0.9006237297583806,0.9006237297583806,0.9006237297583806,0.9006237297583806,0.9006237297583806,0.9006237297583806,0.9006237297583806,0.9006237297583806,0.9006237297583806,0.9006237297583806,1.0,1.0,1.0,1.0,1.0,1.0,1.0,1.0,1.0,1.0,1.0,1.0,1.0,1.0,1.0,1.0,1.0,1.0,1.0,1.0,0.9123481674759478,0.9123481674759478,0.9123481674759478,0.9123481674759478,0.9123481674759478,0.9123481674759478,0.9123481674759478,0.9123481674759478,0.9123481674759478,0.9123481674759478,0.9123481674759478,0.9123481674759478,0.9123481674759478,0.9123481674759478,0.9123481674759478,0.9123481674759478,0.9123481674759478,0.9123481674759478,0.9123481674759478,0.9123481674759478,6622.0,6622.0,6622.0,6622.0,6622.0,6622.0,6622.0,6622.0,6622.0,6622.0,6622.0,6622.0,6622.0,6622.0,6622.0,6622.0,6622.0,6622.0,6622.0,6622.0,0.0,0.0,0.0,0.0,0.0,0.0,0.0,0.0,0.0,0.0,0.0,0.0,0.0,0.0,0.0,0.0,0.0,0.0,0.0,0.0,0.0,0.0,0.0,0.0,0.0,0.0,0.0,0.0,0.0,0.0,0.0,0.0,0.0,0.0,0.0,0.0,0.0,0.0,0.0,0.0,0.99879190576865,1.0,1.0,1.0,1.0,1.0,0.0,0.0,0.99879190576865,1.0,0.0,0.9998636227745406,6622.0,6622,0,0,8,21,0,0,11.0,450,0.8899124131682271,0.8899124131682271,0.8899124131682271,5893,729,729,17.001370060147497,0.7727895481885226,450.0,1.0,23,21,450,6622,6622,23,21
v_4-EmEtrturE_c009,1.0,1.0,1.0,1.0,1.0,1.0,1.0,1.0,1.0,1.0,1.0,1.0,1.0,1.0,1.0,1.0,1.0,1.0,1.0,1.0,1.0,1.0,1.0,1.0,1.0,1.0,1.0,1.0,1.0,1.0,1.0,1.0,1.0,1.0,1.0,1.0,1.0,1.0,1.0,1.0,1.0,1.0,1.0,1.0,1.0,1.0,1.0,1.0,1.0,1.0,1.0,1.0,1.0,1.0,1.0,1.0,1.0,1.0,1.0,1.0,1.0,1.0,1.0,1.0,1.0,1.0,1.0,1.0,1.0,1.0,1.0,1.0,1.0,1.0,1.0,1.0,1.0,1.0,1.0,1.0,1.0,1.0,1.0,1.0,1.0,1.0,1.0,1.0,1.0,1.0,1.0,1.0,1.0,1.0,1.0,1.0,1.0,1.0,1.0,1.0,1.0,1.0,1.0,1.0,1.0,1.0,1.0,1.0,1.0,1.0,1.0,1.0,1.0,1.0,1.0,1.0,1.0,1.0,1.0,1.0,1.0,1.0,1.0,1.0,1.0,1.0,1.0,1.0,1.0,1.0,1.0,1.0,1.0,1.0,1.0,1.0,1.0,1.0,1.0,1.0,1.0,1.0,1.0,1.0,1.0,1.0,1.0,1.0,1.0,1.0,1.0,1.0,1.0,1.0,1.0,1.0,1.0,1.0,1.0,1.0,1.0,1.0,1.0,1.0,1.0,1.0,1.0,1.0,1.0,1.0,1.0,1.0,1.0,1.0,1.0,1.0,1.0,1.0,1.0,1.0,1.0,1.0,1.0,2785.0,2785.0,2785.0,2785.0,2785.0,2785.0,2785.0,2785.0,2785.0,2785.0,2785.0,2785.0,2785.0,2785.0,2785.0,2785.0,2785.0,2785.0,2785.0,2785.0,0.0,0.0,0.0,0.0,0.0,0.0,0.0,0.0,0.0,0.0,0.0,0.0,0.0,0.0,0.0,0.0,0.0,0.0,0.0,0.0,0.0,0.0,0.0,0.0,0.0,0.0,0.0,0.0,0.0,0.0,0.0,0.0,0.0,0.0,0.0,0.0,0.0,0.0,0.0,0.0,1.0,1.0,1.0,1.0,1.0,1.0,0.0,0.0,1.0,1.0,0.0,1.0,2785.0,2785,0,0,0,12,0,0,0.0,250,1.0,1.0,1.0,2785,0,0,12.0,1.0,250.0,1.0,12,12,250,2785,2785,12,12
v_4r8QL_wglzQ_c001,0.8745297074125512,1.0,0.8745297074125512,0.8745297074125512,0.8745297074125512,0.8745297074125512,0.8745297074125512,0.8745297074125512,0.8745297074125512,0.8745297074125512,0.8745297074125512,0.8745297074125512,0.8745297074125512,0.8745297074125512,0.8745297074125512,0.8745297074125512,0.8745297074125512,0.8745297074125512,0.8745297074125512,0.8745297074125512,0.8745297074125512,0.8745297074125512,0.8745297074125511,1.0,1.0,1.0,1.0,1.0,1.0,1.0,1.0,1.0,1.0,1.0,1.0,1.0,1.0,1.0,1.0,1.0,1.0,1.0,1.0,0.7648022091470824,0.7648022091470824,0.7648022091470824,0.7648022091470824,0.7648022091470824,0.7648022091470824,0.7648022091470824,0.7648022091470824,0.7648022091470824,0.7648022091470824,0.7648022091470824,0.7648022091470824,0.7648022091470824,0.7648022091470824,0.7648022091470824,0.7648022091470824,0.7648022091470824,0.7648022091470824,0.7648022091470824,0.7648022091470825,1.0,1.0,1.0,1.0,1.0,1.0,1.0,1.0,1.0,1.0,1.0,1.0,1.0,1.0,1.0,1.0,1.0,1.0,1.0,1.0,1.0,1.0,1.0,1.0,1.0,1.0,1.0,1.0,1.0,1.0,1.0,1.0,1.0,1.0,1.0,1.0,1.0,1.0,1.0,1.0,0.798027956688596,0.798027956688596,0.798027956688596,0.798027956688596,0.798027956688596,0.798027956688596,0.798027956688596,0.798027956688596,0.798027956688596,0.798027956688596,0.798027956688596,0.798027956688596,0.798027956688596,0.798027956688596,0.798027956688596,0.798027956688596,0.798027956688596,0.798027956688596,0.798027956688596,0.798027956688596,0.9004865645410863,0.9004865645410863,0.9004865645410863,0.9004865645410863,0.9004865645410863,0.9004865645410863,0.9004865645410863,0.9004865645410863,0.9004865645410863,0.9004865645410863,0.9004865645410863,0.9004865645410863,0.9004865645410863,0.9004865645410863,0.9004865645410863,0.9004865645410863,0.9004865645410863,0.9004865645410863,0.9004865645410863,0.9004865645410863,1.0,1.0,1.0,1.0,1.0,1.0,1.0,1.0,1.0,1.0,1.0,1.0,1.0,1.0,1.0,1.0,1.0,1.0,1.0,1.0,0.8745297074125512,0.8745297074125512,0.8745297074125512,0.8745297074125512,0.8745297074125512,0.8745297074125512,0.8745297074125512,0.8745297074125512,0.8745297074125512,0.8745297074125512,0.8745297074125512,0.8745297074125512,0.8745297074125512,0.8745297074125512,0.8745297074125512,0.8745297074125512,0.8745297074125512,0.8745297074125512,0.8745297074125512,0.8745297074125511,8183.0,8183.0,8183.0,8183.0,8183.0,8183.0,8183.0,8183.0,8183.0,8183.0,8183.0,8183.0,8183.0,8183.0,8183.0,8183.0,8183.0,8183.0,8183.0,8183.0,0.0,0.0,0.0,0.0,0.0,0.0,0.0,0.0,0.0,0.0,0.0,0.0,0.0,0.0,0.0,0.0,0.0,0.0,0.0,0.0,0.0,0.0,0.0,0.0,0.0,0.0,0.0,0.0,0.0,0.0,0.0,0.0,0.0,0.0,0.0,0.0,0.0,0.0,0.0,0.0,0.9993889771477453,1.0,1.0,1.0,1.0,1.0,0.0,0.0,0.9993889771477453,1.0,0.0,0.9999145826708621,8183.0,8183,0,0,5,10,0,0,8.0,886,0.8188928265917146,0.8188928265917146,0.8188928265917146,6701,1482,1482,8.102533713672138,0.7045681490149684,886.0,1.0,13,10,886,8183,8183,13,10
v_5ekaksddqrc_c001,0.9125240102551305,0.9999675115411898,0.91249436375641,0.9125240102551305,0.9125240102551305,0.9125240102551305,0.9125240102551305,0.9125240102551305,0.9125240102551305,0.9125240102551305,0.9125240102551305,0.9125240102551305,0.9125240102551305,0.9125240102551305,0.9125240102551305,0.9125240102551305,0.9125240102551305,0.9125240102551305,0.9125240102551305,0.9125240102551305,0.9125240102551305,0.9121394714876027,0.9125037713726291,1.0,1.0,1.0,1.0,1.0,1.0,1.0,1.0,1.0,1.0,1.0,1.0,1.0,1.0,1.0,1.0,1.0,1.0,0.99921829196795,0.9999588574719973,0.8327000692921055,0.8327000692921055,0.8327000692921055,0.8327000692921055,0.8327000692921055,0.8327000692921055,0.8327000692921055,0.8327000692921055,0.8327000692921055,0.8327000692921055,0.8327000692921055,0.8327000692921055,0.8327000692921055,0.8327000692921055,0.8327000692921055,0.8327000692921055,0.8327000692921055,0.8327000692921055,0.8326493040945747,0.8326973974396039,1.0,1.0,1.0,1.0,1.0,1.0,1.0,1.0,1.0,1.0,1.0,1.0,1.0,1.0,1.0,1.0,1.0,1.0,0.9996089931573803,0.9999794206924937,1.0,1.0,1.0,1.0,1.0,1.0,1.0,1.0,1.0,1.0,1.0,1.0,1.0,1.0,1.0,1.0,1.0,1.0,0.9996089931573803,0.9999794206924937,0.8678521242027976,0.8678521242027976,0.8678521242027976,0.8678521242027976,0.8678521242027976,0.8678521242027976,0.8678521242027976,0.8678521242027976,0.8678521242027976,0.8678521242027976,0.8678521242027976,0.8678521242027976,0.8678521242027976,0.8678521242027976,0.8678521242027976,0.8678521242027976,0.8678521242027976,0.8678521242027976,0.8677438548450296,0.8678464258155467,0.8955509205745216,0.8955509205745216,0.8955509205745216,0.8955509205745216,0.8955509205745216,0.8955509205745216,0.8955509205745216,0.8955509205745216,0.8955509205745216,0.8955509205745216,0.8955509205745216,0.8955509205745216,0.8955509205745216,0.8955509205745216,0.8955509205745216,0.8955509205745216,0.8955509205745216,0.8955509205745216,0.8954534858720916,0.8955457924322885,0.9999675115411898,0.9999675115411898,0.9999675115411898,0.9999675115411898,0.9999675115411898,0.9999675115411898,0.9999675115411898,0.9999675115411898,0.9999675115411898,0.9999675115411898,0.9999675115411898,0.9999675115411898,0.9999675115411898,0.9999675115411898,0.9999675115411898,0.9999675115411898,0.9999675115411898,0.9999675115411898,1.0,0.9999692214600746,0.9125240102551305,0.9125240102551305,0.9125240102551305,0.9125240102551305,0.9125240102551305,0.9125240102551305,0.9125240102551305,0.9125240102551305,0.9125240102551305,0.9125240102551305,0.9125240102551305,0.9125240102551305,0.9125240102551305,0.9125240102551305,0.9125240102551305,0.9125240102551305,0.9125240102551305,0.9125240102551305,0.912317780446688,0.9125131560546862,5115.0,5115.0,5115.0,5115.0,5115.0,5115.0,5115.0,5115.0,5115.0,5115.0,5115.0,5115.0,5115.0,5115.0,5115.0,5115.0,5115.0,5115.0,5113.0,5114.894736842105,0.0,0.0,0.0,0.0,0.0,0.0,0.0,0.0,0.0,0.0,0.0,0.0,0.0,0.0,0.0,0.0,0.0,0.0,2.0,0.10526315789473684,0.0,0.0,0.0,0.0,0.0,0.0,0.0,0.0,0.0,0.0,0.0,0.0,0.0,0.0,0.0,0.0,0.0,0.0,2.0,0.10526315789473684,0.9992179863147606,0.9993035119091342,1.0,1.0,1.0,1.0,0.0,0.0,0.9985214982238948,1.0,0.0,0.9998822952118616,5111.437463415222,5115,0,0,4,10,0,0,4.0,550,0.8959921798631476,0.8959921798631476,0.8959921798631476,4583,532,532,8.984672762895006,0.816788432990455,550.0,1.0,12,10,550,5115,5115,12,10
v_5ekaksddqrc_c002,0.8649676013126697,0.9969798102599539,0.8623552350377128,0.8649676013126697,0.8649676013126697,0.8649676013126697,0.8649676013126697,0.8649676013126697,0.8643912003435503,0.8643912003435503,0.86315312673855,0.8608755332937629,0.8591855545743264,0.8574139239750425,0.8563043319471049,0.8563043319471049,0.8557520733665106,0.8557520733665106,0.8557520733665106,0.8552014988283297,0.8552014988283297,0.8552014988283297,0.8599851540163611,1.0,1.0,1.0,1.0,1.0,0.99930301446245,0.99930301446245,0.9979104997388125,0.9951312815162581,0.9930519367726246,0.9909769217421481,0.9895959771111497,0.9895959771111497,0.9889062229155833,0.9889062229155833,0.9889062229155833,0.9882169468029804,0.9882169468029804,0.9882169468029804,0.994012533266986,0.7481689513205936,0.7481689513205936,0.7481689513205936,0.7481689513205936,0.7481689513205936,0.7476932786330944,0.7476932786330944,0.7465933271506175,0.7447325770873304,0.7433647625604658,0.7418524295539224,0.7409661375664823,0.7409661375664823,0.7405268508797669,0.7405268508797669,0.7405268508797669,0.7400901249106325,0.7400901249106325,0.7400901249106325,0.7440293480381925,1.0,1.0,1.0,1.0,1.0,0.9996513857416769,0.9996513857416769,0.9989541572250306,0.9975597001917379,0.9965138574167683,0.9954680146417989,0.9947707861251526,0.9947707861251526,0.9944221718668294,0.9944221718668294,0.9944221718668294,0.9940735576085062,0.9940735576085062,0.9940735576085062,0.9969909085071053,1.0,1.0,1.0,1.0,1.0,0.9996513857416769,0.9996513857416769,0.9989541572250306,0.9975597001917379,0.9965138574167683,0.9954680146417989,0.9947707861251526,0.9947707861251526,0.9944221718668294,0.9944221718668294,0.9944221718668294,0.9940735576085062,0.9940735576085062,0.9940735576085062,0.9969909085071053,0.769410177917663,0.769410177917663,0.769410177917663,0.769410177917663,0.769410177917663,0.7690742808788519,0.7690742808788519,0.7683576494747809,0.7670274673194275,0.7660390118789787,0.7650064888525127,0.7643560374869399,0.7643560374869399,0.7640321338579291,0.7640321338579291,0.7640321338579291,0.7637091128344604,0.7637091128344604,0.7637091128344604,0.7665034675748825,0.9492170520913545,0.9492170520913545,0.9492170520913545,0.9492170520913545,0.9492170520913545,0.9489438601525167,0.9489438601525167,0.9483527702450599,0.9472741975543512,0.9464749113252736,0.945631954994076,0.9451081028688338,0.9451081028688338,0.9448475654327702,0.9448475654327702,0.9448475654327702,0.944587955046361,0.944587955046361,0.944587955046361,0.9468541885292436,0.9969798102599539,0.9969798102599539,0.9969798102599539,0.9969798102599539,0.9969798102599539,0.9972297255796392,0.9972297255796392,0.997651204905779,0.9984562338933565,0.9990148573358131,0.9995180449942496,0.9998152316120812,0.9998152316120812,0.9999343756492584,0.9999343756492584,0.9999343756492584,1.0,1.0,1.0,0.9986017070400095,0.8649676013126697,0.8649676013126697,0.8649676013126697,0.8649676013126697,0.8649676013126697,0.864541856763055,0.864541856763055,0.8636043700176468,0.8619252904528661,0.8606818732881679,0.8593546213323334,0.8585403119010356,0.8585403119010356,0.8581353735731685,0.8581353735731685,0.8581353735731685,0.8577319064957514,0.8577319064957514,0.8577319064957514,0.8612721231152265,5737.0,5737.0,5737.0,5737.0,5737.0,5735.0,5735.0,5731.0,5723.0,5717.0,5711.0,5707.0,5707.0,5705.0,5705.0,5705.0,5703.0,5703.0,5703.0,5719.736842105263,0.0,0.0,0.0,0.0,0.0,2.0,2.0,6.0,14.0,20.0,26.0,30.0,30.0,32.0,32.0,32.0,34.0,34.0,34.0,17.263157894736842,0.0,0.0,0.0,0.0,0.0,2.0,2.0,6.0,14.0,20.0,26.0,30.0,30.0,32.0,32.0,32.0,34.0,34.0,34.0,17.263157894736842,0.9982569287083842,0.9990182916836052,1.0,1.0,1.0,1.0,0.0,0.0,0.9972752203919895,1.0,0.0,0.9998256928708384,5731.367939388843,5737,0,0,10,10,0,0,4.0,632,0.80617047237232,0.80617047237232,0.80617047237232,4625,1112,1112,7.934344374926061,0.6611953645771718,632.0,1.0,14,10,632,5737,5737,14,10
v_5ekaksddqrc_c003,0.8979076104063932,1.0,0.8979076104063932,0.8979076104063932,0.8979076104063932,0.8979076104063932,0.8979076104063932,0.8979076104063932,0.8979076104063932,0.8979076104063932,0.8979076104063932,0.8979076104063932,0.8979076104063932,0.8979076104063932,0.8979076104063932,0.8979076104063932,0.8979076104063932,0.8979076104063932,0.8979076104063932,0.8979076104063932,0.8979076104063932,0.8979076104063932,0.8979076104063932,1.0,1.0,1.0,1.0,1.0,1.0,1.0,1.0,1.0,1.0,1.0,1.0,1.0,1.0,1.0,1.0,1.0,1.0,1.0,1.0,0.8062380768257192,0.8062380768257192,0.8062380768257192,0.8062380768257192,0.8062380768257192,0.8062380768257192,0.8062380768257192,0.8062380768257192,0.8062380768257192,0.8062380768257192,0.8062380768257192,0.8062380768257192,0.8062380768257192,0.8062380768257192,0.8062380768257192,0.8062380768257192,0.8062380768257192,0.8062380768257192,0.8062380768257192,0.8062380768257192,1.0,1.0,1.0,1.0,1.0,1.0,1.0,1.0,1.0,1.0,1.0,1.0,1.0,1.0,1.0,1.0,1.0,1.0,1.0,1.0,1.0,1.0,1.0,1.0,1.0,1.0,1.0,1.0,1.0,1.0,1.0,1.0,1.0,1.0,1.0,1.0,1.0,1.0,1.0,1.0,0.8062380768257192,0.8062380768257192,0.8062380768257192,0.8062380768257192,0.8062380768257192,0.8062380768257192,0.8062380768257192,0.8062380768257192,0.8062380768257192,0.8062380768257192,0.8062380768257192,0.8062380768257192,0.8062380768257192,0.8062380768257192,0.8062380768257192,0.8062380768257192,0.8062380768257192,0.8062380768257192,0.8062380768257192,0.8062380768257192,1.0,1.0,1.0,1.0,1.0,1.0,1.0,1.0,1.0,1.0,1.0,1.0,1.0,1.0,1.0,1.0,1.0,1.0,1.0,1.0,1.0,1.0,1.0,1.0,1.0,1.0,1.0,1.0,1.0,1.0,1.0,1.0,1.0,1.0,1.0,1.0,1.0,1.0,1.0,1.0,0.8979076104063932,0.8979076104063932,0.8979076104063932,0.8979076104063932,0.8979076104063932,0.8979076104063932,0.8979076104063932,0.8979076104063932,0.8979076104063932,0.8979076104063932,0.8979076104063932,0.8979076104063932,0.8979076104063932,0.8979076104063932,0.8979076104063932,0.8979076104063932,0.8979076104063932,0.8979076104063932,0.8979076104063932,0.8979076104063932,11800.0,11800.0,11800.0,11800.0,11800.0,11800.0,11800.0,11800.0,11800.0,11800.0,11800.0,11800.0,11800.0,11800.0,11800.0,11800.0,11800.0,11800.0,11800.0,11800.0,0.0,0.0,0.0,0.0,0.0,0.0,0.0,0.0,0.0,0.0,0.0,0.0,0.0,0.0,0.0,0.0,0.0,0.0,0.0,0.0,0.0,0.0,0.0,0.0,0.0,0.0,0.0,0.0,0.0,0.0,0.0,0.0,0.0,0.0,0.0,0.0,0.0,0.0,0.0,0.0,0.9995762711864407,1.0,1.0,1.0,1.0,1.0,0.0,0.0,0.9995762711864407,1.0,0.0,0.9999407652538699,11800.0,11800,0,0,5,10,0,0,5.0,1215,0.8638135593220339,0.8638135593220339,0.8638135593220339,10193,1607,1607,8.595661629453096,0.6876529303562476,1215.0,1.0,15,10,1215,11800,11800,15,10
v_5ekaksddqrc_c004,0.95891418461026,1.0,0.95891418461026,0.95891418461026,0.95891418461026,0.95891418461026,0.95891418461026,0.95891418461026,0.95891418461026,0.95891418461026,0.95891418461026,0.95891418461026,0.95891418461026,0.95891418461026,0.95891418461026,0.95891418461026,0.95891418461026,0.95891418461026,0.95891418461026,0.95891418461026,0.95891418461026,0.95891418461026,0.9589141846102602,1.0,1.0,1.0,1.0,1.0,1.0,1.0,1.0,1.0,1.0,1.0,1.0,1.0,1.0,1.0,1.0,1.0,1.0,1.0,1.0,0.9195164134467598,0.9195164134467598,0.9195164134467598,0.9195164134467598,0.9195164134467598,0.9195164134467598,0.9195164134467598,0.9195164134467598,0.9195164134467598,0.9195164134467598,0.9195164134467598,0.9195164134467598,0.9195164134467598,0.9195164134467598,0.9195164134467598,0.9195164134467598,0.9195164134467598,0.9195164134467598,0.9195164134467598,0.9195164134467599,1.0,1.0,1.0,1.0,1.0,1.0,1.0,1.0,1.0,1.0,1.0,1.0,1.0,1.0,1.0,1.0,1.0,1.0,1.0,1.0,1.0,1.0,1.0,1.0,1.0,1.0,1.0,1.0,1.0,1.0,1.0,1.0,1.0,1.0,1.0,1.0,1.0,1.0,1.0,1.0,0.9195164134467598,0.9195164134467598,0.9195164134467598,0.9195164134467598,0.9195164134467598,0.9195164134467598,0.9195164134467598,0.9195164134467598,0.9195164134467598,0.9195164134467598,0.9195164134467598,0.9195164134467598,0.9195164134467598,0.9195164134467598,0.9195164134467598,0.9195164134467598,0.9195164134467598,0.9195164134467598,0.9195164134467598,0.9195164134467599,1.0,1.0,1.0,1.0,1.0,1.0,1.0,1.0,1.0,1.0,1.0,1.0,1.0,1.0,1.0,1.0,1.0,1.0,1.0,1.0,1.0,1.0,1.0,1.0,1.0,1.0,1.0,1.0,1.0,1.0,1.0,1.0,1.0,1.0,1.0,1.0,1.0,1.0,1.0,1.0,0.95891418461026,0.95891418461026,0.95891418461026,0.95891418461026,0.95891418461026,0.95891418461026,0.95891418461026,0.95891418461026,0.95891418461026,0.95891418461026,0.95891418461026,0.95891418461026,0.95891418461026,0.95891418461026,0.95891418461026,0.95891418461026,0.95891418461026,0.95891418461026,0.95891418461026,0.9589141846102602,7753.0,7753.0,7753.0,7753.0,7753.0,7753.0,7753.0,7753.0,7753.0,7753.0,7753.0,7753.0,7753.0,7753.0,7753.0,7753.0,7753.0,7753.0,7753.0,7753.0,0.0,0.0,0.0,0.0,0.0,0.0,0.0,0.0,0.0,0.0,0.0,0.0,0.0,0.0,0.0,0.0,0.0,0.0,0.0,0.0,0.0,0.0,0.0,0.0,0.0,0.0,0.0,0.0,0.0,0.0,0.0,0.0,0.0,0.0,0.0,0.0,0.0,0.0,0.0,0.0,0.9996130530117374,1.0,1.0,1.0,1.0,1.0,0.0,0.0,0.9996130530117374,1.0,0.0,0.9999384597891501,7753.0,7753,0,0,3,10,0,0,5.0,824,0.9391203405133497,0.9391203405133497,0.9391203405133497,7281,472,472,9.337297760056249,0.8119389356570651,824.0,1.0,13,10,824,7753,7753,13,10
v_5ekaksddqrc_c005,0.8790730571497343,1.0,0.8790730571497343,0.8790730571497343,0.8790730571497343,0.8790730571497343,0.8790730571497343,0.8790730571497343,0.8790730571497343,0.8790730571497343,0.8790730571497343,0.8790730571497343,0.8790730571497343,0.8790730571497343,0.8790730571497343,0.8790730571497343,0.8790730571497343,0.8790730571497343,0.8790730571497343,0.8790730571497343,0.8790730571497343,0.8790730571497343,0.8790730571497343,1.0,1.0,1.0,1.0,1.0,1.0,1.0,1.0,1.0,1.0,1.0,1.0,1.0,1.0,1.0,1.0,1.0,1.0,1.0,1.0,0.77276943980658,0.77276943980658,0.77276943980658,0.77276943980658,0.77276943980658,0.77276943980658,0.77276943980658,0.77276943980658,0.77276943980658,0.77276943980658,0.77276943980658,0.77276943980658,0.77276943980658,0.77276943980658,0.77276943980658,0.77276943980658,0.77276943980658,0.77276943980658,0.77276943980658,0.7727694398065801,1.0,1.0,1.0,1.0,1.0,1.0,1.0,1.0,1.0,1.0,1.0,1.0,1.0,1.0,1.0,1.0,1.0,1.0,1.0,1.0,1.0,1.0,1.0,1.0,1.0,1.0,1.0,1.0,1.0,1.0,1.0,1.0,1.0,1.0,1.0,1.0,1.0,1.0,1.0,1.0,0.7886546405458592,0.7886546405458592,0.7886546405458592,0.7886546405458592,0.7886546405458592,0.7886546405458592,0.7886546405458592,0.7886546405458592,0.7886546405458592,0.7886546405458592,0.7886546405458592,0.7886546405458592,0.7886546405458592,0.7886546405458592,0.7886546405458592,0.7886546405458592,0.7886546405458592,0.7886546405458592,0.7886546405458592,0.7886546405458592,0.9546114407903836,0.9546114407903836,0.9546114407903836,0.9546114407903836,0.9546114407903836,0.9546114407903836,0.9546114407903836,0.9546114407903836,0.9546114407903836,0.9546114407903836,0.9546114407903836,0.9546114407903836,0.9546114407903836,0.9546114407903836,0.9546114407903836,0.9546114407903836,0.9546114407903836,0.9546114407903836,0.9546114407903836,0.9546114407903836,1.0,1.0,1.0,1.0,1.0,1.0,1.0,1.0,1.0,1.0,1.0,1.0,1.0,1.0,1.0,1.0,1.0,1.0,1.0,1.0,0.8790730571497343,0.8790730571497343,0.8790730571497343,0.8790730571497343,0.8790730571497343,0.8790730571497343,0.8790730571497343,0.8790730571497343,0.8790730571497343,0.8790730571497343,0.8790730571497343,0.8790730571497343,0.8790730571497343,0.8790730571497343,0.8790730571497343,0.8790730571497343,0.8790730571497343,0.8790730571497343,0.8790730571497343,0.8790730571497343,9383.0,9383.0,9383.0,9383.0,9383.0,9383.0,9383.0,9383.0,9383.0,9383.0,9383.0,9383.0,9383.0,9383.0,9383.0,9383.0,9383.0,9383.0,9383.0,9383.0,0.0,0.0,0.0,0.0,0.0,0.0,0.0,0.0,0.0,0.0,0.0,0.0,0.0,0.0,0.0,0.0,0.0,0.0,0.0,0.0,0.0,0.0,0.0,0.0,0.0,0.0,0.0,0.0,0.0,0.0,0.0,0.0,0.0,0.0,0.0,0.0,0.0,0.0,0.0,0.0,0.9991473942235959,1.0,1.0,1.0,1.0,1.0,0.0,0.0,0.9991473942235959,1.0,0.0,0.9999037525325597,9383.0,9383,0,0,8,10,0,0,8.0,1000,0.8377917510391133,0.8377917510391133,0.8377917510391133,7861,1522,1522,8.273372237867676,0.6364132490667443,1000.0,1.0,16,10,1000,9383,9383,16,10
v_9MHDmAMxO5I_c002,0.9559775690940281,0.99489896470944,0.9511010937770956,0.9559775690940281,0.9559775690940281,0.9559775690940281,0.9559775690940281,0.9559775690940281,0.9559775690940281,0.9559775690940281,0.9559775690940281,0.9489862035682429,0.9461001570925404,0.9451523672439647,0.9442115860044927,0.9442115860044927,0.9442115860044927,0.9442115860044927,0.9432777519111701,0.9432777519111701,0.9432777519111701,0.9432777519111701,0.9493692964378752,1.0,1.0,1.0,1.0,1.0,1.0,1.0,1.0,0.9894578313253012,0.9849737039819685,0.9834834834834835,0.9819954988747187,0.9819954988747187,0.9819954988747187,0.9819954988747187,0.9805097451274363,0.9805097451274363,0.9805097451274363,0.9805097451274363,0.9898913681473354,0.9138931126109273,0.9138931126109273,0.9138931126109273,0.9138931126109273,0.9138931126109273,0.9138931126109273,0.9138931126109273,0.9138931126109273,0.9101699800148303,0.9087608162856253,0.9083152003150773,0.9078814721317374,0.9078814721317374,0.9078814721317374,0.9078814721317374,0.9074595348717802,0.9074595348717802,0.9074595348717802,0.9074595348717802,0.9105134171324748,1.0,1.0,1.0,1.0,1.0,1.0,1.0,1.0,0.9947009841029523,0.9924299772899319,0.991672975018925,0.9909159727479182,0.9909159727479182,0.9909159727479182,0.9909159727479182,0.9901589704769115,0.9901589704769115,0.9901589704769115,0.9901589704769115,0.9949001952269015,1.0,1.0,1.0,1.0,1.0,1.0,1.0,1.0,0.9947009841029523,0.9924299772899319,0.991672975018925,0.9909159727479182,0.9909159727479182,0.9909159727479182,0.9909159727479182,0.9901589704769115,0.9901589704769115,0.9901589704769115,0.9901589704769115,0.9949001952269015,0.9376271451555028,0.9376271451555028,0.9376271451555028,0.9376271451555028,0.9376271451555028,0.9376271451555028,0.9376271451555028,0.9376271451555028,0.9344969915047249,0.9332414144752582,0.9328344406435755,0.9324332647966428,0.9324332647966428,0.9324332647966428,0.9324332647966428,0.9320379002325904,0.9320379002325904,0.9320379002325904,0.9320379002325904,0.9347091930518164,0.9376271451555028,0.9376271451555028,0.9376271451555028,0.9376271451555028,0.9376271451555028,0.9376271451555028,0.9376271451555028,0.9376271451555028,0.9344969915047249,0.9332414144752582,0.9328344406435755,0.9324332647966428,0.9324332647966428,0.9324332647966428,0.9324332647966428,0.9320379002325904,0.9320379002325904,0.9320379002325904,0.9320379002325904,0.9347091930518164,0.99489896470944,0.99489896470944,0.99489896470944,0.99489896470944,0.99489896470944,0.99489896470944,0.99489896470944,0.99489896470944,0.9979377105244184,0.999125080947201,0.9995020694882091,0.9998220518474129,0.9998220518474129,0.9998220518474129,0.9998220518474129,1.0,1.0,1.0,1.0,0.9976339361065789,0.9559775690940281,0.9559775690940281,0.9559775690940281,0.9559775690940281,0.9559775690940281,0.9559775690940281,0.9559775690940281,0.9559775690940281,0.9514972279632328,0.9496744053981465,0.9490793628308244,0.948490512391786,0.948490512391786,0.948490512391786,0.948490512391786,0.9479078007897703,0.9479078007897703,0.9479078007897703,0.9479078007897703,0.9517718316668765,2642.0,2642.0,2642.0,2642.0,2642.0,2642.0,2642.0,2642.0,2628.0,2622.0,2620.0,2618.0,2618.0,2618.0,2618.0,2616.0,2616.0,2616.0,2616.0,2628.5263157894738,0.0,0.0,0.0,0.0,0.0,0.0,0.0,0.0,14.0,20.0,22.0,24.0,24.0,24.0,24.0,26.0,26.0,26.0,26.0,13.473684210526315,0.0,0.0,0.0,0.0,0.0,0.0,0.0,0.0,14.0,20.0,22.0,24.0,24.0,24.0,24.0,26.0,26.0,26.0,26.0,13.473684210526315,0.9992429977289932,0.9991317041043001,1.0,1.0,1.0,1.0,0.0,0.0,0.9983747018332932,1.0,0.0,0.9998860598048206,2639.705962243561,2642,0,0,2,12,0,0,2.0,239,0.9523088569265707,0.9523088569265707,0.9523088569265707,2516,126,126,11.47057888883004,0.9558815740691701,239.0,1.0,12,12,239,2642,2642,12,12
v_9MHDmAMxO5I_c003,1.0,1.0,1.0,1.0,1.0,1.0,1.0,1.0,1.0,1.0,1.0,1.0,1.0,1.0,1.0,1.0,1.0,1.0,1.0,1.0,1.0,1.0,1.0,1.0,1.0,1.0,1.0,1.0,1.0,1.0,1.0,1.0,1.0,1.0,1.0,1.0,1.0,1.0,1.0,1.0,1.0,1.0,1.0,1.0,1.0,1.0,1.0,1.0,1.0,1.0,1.0,1.0,1.0,1.0,1.0,1.0,1.0,1.0,1.0,1.0,1.0,1.0,1.0,1.0,1.0,1.0,1.0,1.0,1.0,1.0,1.0,1.0,1.0,1.0,1.0,1.0,1.0,1.0,1.0,1.0,1.0,1.0,1.0,1.0,1.0,1.0,1.0,1.0,1.0,1.0,1.0,1.0,1.0,1.0,1.0,1.0,1.0,1.0,1.0,1.0,1.0,1.0,1.0,1.0,1.0,1.0,1.0,1.0,1.0,1.0,1.0,1.0,1.0,1.0,1.0,1.0,1.0,1.0,1.0,1.0,1.0,1.0,1.0,1.0,1.0,1.0,1.0,1.0,1.0,1.0,1.0,1.0,1.0,1.0,1.0,1.0,1.0,1.0,1.0,1.0,1.0,1.0,1.0,1.0,1.0,1.0,1.0,1.0,1.0,1.0,1.0,1.0,1.0,1.0,1.0,1.0,1.0,1.0,1.0,1.0,1.0,1.0,1.0,1.0,1.0,1.0,1.0,1.0,1.0,1.0,1.0,1.0,1.0,1.0,1.0,1.0,1.0,1.0,1.0,1.0,1.0,1.0,1.0,2441.0,2441.0,2441.0,2441.0,2441.0,2441.0,2441.0,2441.0,2441.0,2441.0,2441.0,2441.0,2441.0,2441.0,2441.0,2441.0,2441.0,2441.0,2441.0,2441.0,0.0,0.0,0.0,0.0,0.0,0.0,0.0,0.0,0.0,0.0,0.0,0.0,0.0,0.0,0.0,0.0,0.0,0.0,0.0,0.0,0.0,0.0,0.0,0.0,0.0,0.0,0.0,0.0,0.0,0.0,0.0,0.0,0.0,0.0,0.0,0.0,0.0,0.0,0.0,0.0,1.0,1.0,1.0,1.0,1.0,1.0,0.0,0.0,1.0,1.0,0.0,1.0,2441.0,2441,0,0,0,12,0,0,1.0,226,1.0,1.0,1.0,2441,0,0,12.0,1.0,226.0,1.0,12,12,226,2441,2441,12,12
v_9MHDmAMxO5I_c004,0.9930803821169344,0.9967310328692792,0.9898340349896305,0.9930803821169344,0.9930803821169344,0.9930803821169344,0.9930803821169344,0.9930803821169344,0.9930803821169344,0.9930803821169344,0.9930803821169344,0.9930803821169344,0.9930803821169344,0.9930803821169344,0.9930803821169344,0.9930803821169344,0.9930803821169344,0.9930803821169344,0.9930803821169344,0.9886813903405386,0.9837270715589708,0.9553445060035622,0.9903704779881065,1.0,1.0,1.0,1.0,1.0,1.0,1.0,1.0,1.0,1.0,1.0,1.0,1.0,1.0,1.0,1.0,0.9953079178885631,0.9898615714564243,0.9547979314307604,0.9968403905671446,0.9862086453455163,0.9862086453455163,0.9862086453455163,0.9862086453455163,0.9862086453455163,0.9862086453455163,0.9862086453455163,0.9862086453455163,0.9862086453455163,0.9862086453455163,0.9862086453455163,0.9862086453455163,0.9862086453455163,0.9862086453455163,0.9862086453455163,0.9862086453455163,0.9820989806645369,0.9776305891884897,0.9558913934632627,0.9839452257286606,1.0,1.0,1.0,1.0,1.0,1.0,1.0,1.0,1.0,1.0,1.0,1.0,1.0,1.0,1.0,1.0,0.9976484420928865,0.9949049578679209,0.9768763472467176,0.9983910393267118,1.0,1.0,1.0,1.0,1.0,1.0,1.0,1.0,1.0,1.0,1.0,1.0,1.0,1.0,1.0,1.0,0.9976484420928865,0.9949049578679209,0.9768763472467176,0.9983910393267118,0.9867230534301731,0.9867230534301731,0.9867230534301731,0.9867230534301731,0.9867230534301731,0.9867230534301731,0.9867230534301731,0.9867230534301731,0.9867230534301731,0.9867230534301731,0.9867230534301731,0.9867230534301731,0.9867230534301731,0.9867230534301731,0.9867230534301731,0.9867230534301731,0.9846079255302025,0.9822254727560771,0.9689058996639969,0.9854372712017394,0.998830042513228,0.998830042513228,0.998830042513228,0.998830042513228,0.998830042513228,0.998830042513228,0.998830042513228,0.998830042513228,0.998830042513228,0.998830042513228,0.998830042513228,0.998830042513228,0.998830042513228,0.998830042513228,0.998830042513228,0.998830042513228,0.9965314197249222,0.9939387524003941,0.9793437087082778,0.997426029528697,0.9967310328692792,0.9967310328692792,0.9967310328692792,0.9967310328692792,0.9967310328692792,0.9967310328692792,0.9967310328692792,0.9967310328692792,0.9967310328692792,0.9967310328692792,0.9967310328692792,0.9967310328692792,0.9967310328692792,0.9967310328692792,0.9967310328692792,0.9967310328692792,0.9971194093943745,0.9974435779275214,0.9985895330442855,0.9968867919091919,0.9930803821169344,0.9930803821169344,0.9930803821169344,0.9930803821169344,0.9930803821169344,0.9930803821169344,0.9930803821169344,0.9930803821169344,0.9930803821169344,0.9930803821169344,0.9930803821169344,0.9930803821169344,0.9930803821169344,0.9930803821169344,0.9930803821169344,0.9930803821169344,0.9898431785090945,0.9862299529759603,0.9663269078375946,0.9911413764838738,5103.0,5103.0,5103.0,5103.0,5103.0,5103.0,5103.0,5103.0,5103.0,5103.0,5103.0,5103.0,5103.0,5103.0,5103.0,5103.0,5091.0,5077.0,4985.0,5094.789473684211,0.0,0.0,0.0,0.0,0.0,0.0,0.0,0.0,0.0,0.0,0.0,0.0,0.0,0.0,0.0,0.0,12.0,26.0,118.0,8.210526315789474,0.0,0.0,0.0,0.0,0.0,0.0,0.0,0.0,0.0,0.0,0.0,0.0,0.0,0.0,0.0,0.0,12.0,26.0,118.0,8.210526315789474,0.9992161473642955,0.9966454895895678,1.0,1.0,1.0,1.0,0.0,0.0,0.9958616369538633,1.0,0.0,0.9998820184222363,5085.881933375565,5103,0,0,4,12,0,0,5.0,455,0.9931412894375857,0.9931412894375857,0.9931412894375857,5068,35,35,11.901074361208472,0.9154672585544978,455.0,1.0,14,12,455,5103,5103,14,12
v_9MHDmAMxO5I_c006,0.9698818608855622,1.0,0.9698818608855622,0.9698818608855622,0.9698818608855622,0.9698818608855622,0.9698818608855622,0.9698818608855622,0.9698818608855622,0.9698818608855622,0.9698818608855622,0.9698818608855622,0.9698818608855622,0.9698818608855622,0.9698818608855622,0.9698818608855622,0.9698818608855622,0.9698818608855622,0.9698818608855622,0.9698818608855622,0.9698818608855622,0.9698818608855622,0.9698818608855619,1.0,1.0,1.0,1.0,1.0,1.0,1.0,1.0,1.0,1.0,1.0,1.0,1.0,1.0,1.0,1.0,1.0,1.0,1.0,1.0,0.9406708240748409,0.9406708240748409,0.9406708240748409,0.9406708240748409,0.9406708240748409,0.9406708240748409,0.9406708240748409,0.9406708240748409,0.9406708240748409,0.9406708240748409,0.9406708240748409,0.9406708240748409,0.9406708240748409,0.9406708240748409,0.9406708240748409,0.9406708240748409,0.9406708240748409,0.9406708240748409,0.9406708240748409,0.9406708240748408,1.0,1.0,1.0,1.0,1.0,1.0,1.0,1.0,1.0,1.0,1.0,1.0,1.0,1.0,1.0,1.0,1.0,1.0,1.0,1.0,1.0,1.0,1.0,1.0,1.0,1.0,1.0,1.0,1.0,1.0,1.0,1.0,1.0,1.0,1.0,1.0,1.0,1.0,1.0,1.0,0.9406708240748409,0.9406708240748409,0.9406708240748409,0.9406708240748409,0.9406708240748409,0.9406708240748409,0.9406708240748409,0.9406708240748409,0.9406708240748409,0.9406708240748409,0.9406708240748409,0.9406708240748409,0.9406708240748409,0.9406708240748409,0.9406708240748409,0.9406708240748409,0.9406708240748409,0.9406708240748409,0.9406708240748409,0.9406708240748408,1.0,1.0,1.0,1.0,1.0,1.0,1.0,1.0,1.0,1.0,1.0,1.0,1.0,1.0,1.0,1.0,1.0,1.0,1.0,1.0,1.0,1.0,1.0,1.0,1.0,1.0,1.0,1.0,1.0,1.0,1.0,1.0,1.0,1.0,1.0,1.0,1.0,1.0,1.0,1.0,0.9698818608855622,0.9698818608855622,0.9698818608855622,0.9698818608855622,0.9698818608855622,0.9698818608855622,0.9698818608855622,0.9698818608855622,0.9698818608855622,0.9698818608855622,0.9698818608855622,0.9698818608855622,0.9698818608855622,0.9698818608855622,0.9698818608855622,0.9698818608855622,0.9698818608855622,0.9698818608855622,0.9698818608855622,0.9698818608855619,2601.0,2601.0,2601.0,2601.0,2601.0,2601.0,2601.0,2601.0,2601.0,2601.0,2601.0,2601.0,2601.0,2601.0,2601.0,2601.0,2601.0,2601.0,2601.0,2601.0,0.0,0.0,0.0,0.0,0.0,0.0,0.0,0.0,0.0,0.0,0.0,0.0,0.0,0.0,0.0,0.0,0.0,0.0,0.0,0.0,0.0,0.0,0.0,0.0,0.0,0.0,0.0,0.0,0.0,0.0,0.0,0.0,0.0,0.0,0.0,0.0,0.0,0.0,0.0,0.0,0.9992310649750096,1.0,1.0,1.0,1.0,1.0,0.0,0.0,0.9992310649750096,1.0,0.0,0.9998842637463806,2601.0,2601,0,0,2,12,0,0,7.0,269,0.9577085736255286,0.9577085736255286,0.9577085736255286,2491,110,110,11.404985242979457,0.8773065571522659,269.0,1.0,14,12,269,2601,2601,14,12
v_9MHDmAMxO5I_c009,0.9588972969535567,0.9878570236435215,0.9472534297483585,0.9588972969535567,0.9584079578951219,0.954002428511876,0.9483401394385149,0.9456181118757349,0.9452311834573186,0.94416543803555,0.9406218251221136,0.9379871812053157,0.9377192613195044,0.9377192613195044,0.9377192613195044,0.9377192613195044,0.9377192613195044,0.9377192613195044,0.9377192613195044,0.9377192613195044,0.9377192613195044,0.9377192613195044,0.9426560092468499,1.0,0.9992854590925331,0.9925226989496172,0.9840453820244638,0.9794835514679873,0.9787835926449788,0.9770358593888006,0.9725061684878392,0.9686895338610378,0.9683432993316918,0.9683432993316918,0.9683432993316918,0.9683432993316918,0.9683432993316918,0.9683432993316918,0.9683432993316918,0.9683432993316918,0.9683432993316918,0.9683432993316918,0.97556764417022,0.9194840261048376,0.9192026216321048,0.9169771477969563,0.9139304309523235,0.9129235627972206,0.9128289408343165,0.9124008764003,0.9097828338423743,0.908257931309194,0.9080637142390136,0.9080637142390136,0.9080637142390136,0.9080637142390136,0.9080637142390136,0.9080637142390136,0.9080637142390136,0.9080637142390136,0.9080637142390136,0.9080637142390136,0.9108645007399874,1.0,0.9996426018584703,0.9962473195139385,0.9919585418155825,0.9896354538956398,0.9892780557541101,0.9883845604002859,0.9860614724803431,0.98409578270193,0.9839170836311651,0.9839170836311651,0.9839170836311651,0.9839170836311651,0.9839170836311651,0.9839170836311651,0.9839170836311651,0.9839170836311651,0.9839170836311651,0.9839170836311651,0.9876039276174712,1.0,0.9996426018584703,0.9962473195139385,0.9919585418155825,0.9896354538956398,0.9892780557541101,0.9883845604002859,0.9860614724803431,0.98409578270193,0.9839170836311651,0.9839170836311651,0.9839170836311651,0.9839170836311651,0.9839170836311651,0.9839170836311651,0.9839170836311651,0.9839170836311651,0.9839170836311651,0.9839170836311651,0.9876039276174712,0.9311535785065934,0.9309700637171985,0.9294189103718201,0.9274632369767484,0.927141348359531,0.927145634331562,0.9270049117631383,0.9253764938859917,0.9244466632571008,0.9243106350954116,0.9243106350954116,0.9243106350954116,0.9243106350954116,0.9243106350954116,0.9243106350954116,0.9243106350954116,0.9243106350954116,0.9243106350954116,0.9243106350954116,0.9259593259012527,0.9646056898180748,0.9643369855179875,0.9620108821425505,0.9591402623554517,0.9587719104122926,0.9587837588431467,0.9586609213592818,0.9570678616298196,0.9561727351668187,0.9560393598763659,0.9560393598763659,0.9560393598763659,0.9560393598763659,0.9560393598763659,0.9560393598763659,0.9560393598763659,0.9560393598763659,0.9560393598763659,0.9560393598763659,0.9578918213688993,0.9878570236435215,0.9881758835716544,0.9911084437778404,0.994598403973995,0.996435137245715,0.9966920155630912,0.997298639089674,0.9987531387701531,0.9999010613979905,1.0,1.0,1.0,1.0,1.0,1.0,1.0,1.0,1.0,1.0,0.9974115656333492,0.9588972969535567,0.9585792092067531,0.9557907854484967,0.9521455233357733,0.950505930776264,0.950285030832674,0.9496330549900557,0.9471545812463513,0.945416733407526,0.9452298141009593,0.9452298141009593,0.9452298141009593,0.9452298141009593,0.9452298141009593,0.9452298141009593,0.9452298141009593,0.9452298141009593,0.9452298141009593,0.9452298141009593,0.9484582256424758,5596.0,5594.0,5575.0,5551.0,5538.0,5536.0,5531.0,5518.0,5507.0,5506.0,5506.0,5506.0,5506.0,5506.0,5506.0,5506.0,5506.0,5506.0,5506.0,5526.631578947368,0.0,2.0,21.0,45.0,58.0,60.0,65.0,78.0,89.0,90.0,90.0,90.0,90.0,90.0,90.0,90.0,90.0,90.0,90.0,69.36842105263158,0.0,2.0,21.0,45.0,58.0,60.0,65.0,78.0,89.0,90.0,90.0,90.0,90.0,90.0,90.0,90.0,90.0,90.0,90.0,69.36842105263158,0.9987491065046462,1.0,1.0,1.0,1.0,1.0,0.0,0.0,0.9987491065046462,1.0,0.0,0.9998489817655444,5596.0,5596,0,0,7,12,0,0,11.0,507,0.943709792709078,0.943709792709078,0.943709792709078,5281,315,315,11.16219967221118,0.8268296053489763,507.0,1.0,15,12,507,5596,5596,15,12
v_BgwzTUxJaeU_c008,0.9343763023971305,1.0,0.9343763023971305,0.9343763023971305,0.9343763023971305,0.9343763023971305,0.9343763023971305,0.9343763023971305,0.9343763023971305,0.9343763023971305,0.9343763023971305,0.9343763023971305,0.9343763023971305,0.9343763023971305,0.9343763023971305,0.9343763023971305,0.9343763023971305,0.9343763023971305,0.9343763023971305,0.9343763023971305,0.9343763023971305,0.9343763023971305,0.9343763023971304,1.0,1.0,1.0,1.0,1.0,1.0,1.0,1.0,1.0,1.0,1.0,1.0,1.0,1.0,1.0,1.0,1.0,1.0,1.0,1.0,0.873059074481334,0.873059074481334,0.873059074481334,0.873059074481334,0.873059074481334,0.873059074481334,0.873059074481334,0.873059074481334,0.873059074481334,0.873059074481334,0.873059074481334,0.873059074481334,0.873059074481334,0.873059074481334,0.873059074481334,0.873059074481334,0.873059074481334,0.873059074481334,0.873059074481334,0.873059074481334,1.0,1.0,1.0,1.0,1.0,1.0,1.0,1.0,1.0,1.0,1.0,1.0,1.0,1.0,1.0,1.0,1.0,1.0,1.0,1.0,1.0,1.0,1.0,1.0,1.0,1.0,1.0,1.0,1.0,1.0,1.0,1.0,1.0,1.0,1.0,1.0,1.0,1.0,1.0,1.0,0.873059074481334,0.873059074481334,0.873059074481334,0.873059074481334,0.873059074481334,0.873059074481334,0.873059074481334,0.873059074481334,0.873059074481334,0.873059074481334,0.873059074481334,0.873059074481334,0.873059074481334,0.873059074481334,0.873059074481334,0.873059074481334,0.873059074481334,0.873059074481334,0.873059074481334,0.873059074481334,1.0,1.0,1.0,1.0,1.0,1.0,1.0,1.0,1.0,1.0,1.0,1.0,1.0,1.0,1.0,1.0,1.0,1.0,1.0,1.0,1.0,1.0,1.0,1.0,1.0,1.0,1.0,1.0,1.0,1.0,1.0,1.0,1.0,1.0,1.0,1.0,1.0,1.0,1.0,1.0,0.9343763023971305,0.9343763023971305,0.9343763023971305,0.9343763023971305,0.9343763023971305,0.9343763023971305,0.9343763023971305,0.9343763023971305,0.9343763023971305,0.9343763023971305,0.9343763023971305,0.9343763023971305,0.9343763023971305,0.9343763023971305,0.9343763023971305,0.9343763023971305,0.9343763023971305,0.9343763023971305,0.9343763023971305,0.9343763023971304,4475.0,4475.0,4475.0,4475.0,4475.0,4475.0,4475.0,4475.0,4475.0,4475.0,4475.0,4475.0,4475.0,4475.0,4475.0,4475.0,4475.0,4475.0,4475.0,4475.0,0.0,0.0,0.0,0.0,0.0,0.0,0.0,0.0,0.0,0.0,0.0,0.0,0.0,0.0,0.0,0.0,0.0,0.0,0.0,0.0,0.0,0.0,0.0,0.0,0.0,0.0,0.0,0.0,0.0,0.0,0.0,0.0,0.0,0.0,0.0,0.0,0.0,0.0,0.0,0.0,0.9991061452513966,1.0,1.0,1.0,1.0,1.0,0.0,0.0,0.9991061452513966,1.0,0.0,0.9998654614544518,4475.0,4475,0,0,4,10,0,0,6.0,500,0.914413407821229,0.914413407821229,0.914413407821229,4092,383,383,9.06603229213397,0.7555026910111642,500.0,1.0,14,10,500,4475,4475,14,10
v_BgwzTUxJaeU_c012,0.9843836718443159,1.0,0.9843836718443159,0.9843836718443159,0.9843836718443159,0.9843836718443159,0.9843836718443159,0.9843836718443159,0.9843836718443159,0.9843836718443159,0.9843836718443159,0.9843836718443159,0.9843836718443159,0.9843836718443159,0.9843836718443159,0.9843836718443159,0.9843836718443159,0.9843836718443159,0.9843836718443159,0.9843836718443159,0.9843836718443159,0.9843836718443159,0.9843836718443159,1.0,1.0,1.0,1.0,1.0,1.0,1.0,1.0,1.0,1.0,1.0,1.0,1.0,1.0,1.0,1.0,1.0,1.0,1.0,1.0,0.9690112133936977,0.9690112133936977,0.9690112133936977,0.9690112133936977,0.9690112133936977,0.9690112133936977,0.9690112133936977,0.9690112133936977,0.9690112133936977,0.9690112133936977,0.9690112133936977,0.9690112133936977,0.9690112133936977,0.9690112133936977,0.9690112133936977,0.9690112133936977,0.9690112133936977,0.9690112133936977,0.9690112133936977,0.9690112133936979,1.0,1.0,1.0,1.0,1.0,1.0,1.0,1.0,1.0,1.0,1.0,1.0,1.0,1.0,1.0,1.0,1.0,1.0,1.0,1.0,1.0,1.0,1.0,1.0,1.0,1.0,1.0,1.0,1.0,1.0,1.0,1.0,1.0,1.0,1.0,1.0,1.0,1.0,1.0,1.0,0.9690112133936977,0.9690112133936977,0.9690112133936977,0.9690112133936977,0.9690112133936977,0.9690112133936977,0.9690112133936977,0.9690112133936977,0.9690112133936977,0.9690112133936977,0.9690112133936977,0.9690112133936977,0.9690112133936977,0.9690112133936977,0.9690112133936977,0.9690112133936977,0.9690112133936977,0.9690112133936977,0.9690112133936977,0.9690112133936979,1.0,1.0,1.0,1.0,1.0,1.0,1.0,1.0,1.0,1.0,1.0,1.0,1.0,1.0,1.0,1.0,1.0,1.0,1.0,1.0,1.0,1.0,1.0,1.0,1.0,1.0,1.0,1.0,1.0,1.0,1.0,1.0,1.0,1.0,1.0,1.0,1.0,1.0,1.0,1.0,0.9843836718443159,0.9843836718443159,0.9843836718443159,0.9843836718443159,0.9843836718443159,0.9843836718443159,0.9843836718443159,0.9843836718443159,0.9843836718443159,0.9843836718443159,0.9843836718443159,0.9843836718443159,0.9843836718443159,0.9843836718443159,0.9843836718443159,0.9843836718443159,0.9843836718443159,0.9843836718443159,0.9843836718443159,0.9843836718443159,5801.0,5801.0,5801.0,5801.0,5801.0,5801.0,5801.0,5801.0,5801.0,5801.0,5801.0,5801.0,5801.0,5801.0,5801.0,5801.0,5801.0,5801.0,5801.0,5801.0,0.0,0.0,0.0,0.0,0.0,0.0,0.0,0.0,0.0,0.0,0.0,0.0,0.0,0.0,0.0,0.0,0.0,0.0,0.0,0.0,0.0,0.0,0.0,0.0,0.0,0.0,0.0,0.0,0.0,0.0,0.0,0.0,0.0,0.0,0.0,0.0,0.0,0.0,0.0,0.0,0.9994828477848646,1.0,1.0,1.0,1.0,1.0,0.0,0.0,0.9994828477848646,1.0,0.0,0.9999177518954112,5801.0,5801,0,0,3,10,0,0,4.0,620,0.9834511291156697,0.9834511291156697,0.9834511291156697,5705,96,96,9.815593321407276,0.8535298540354153,620.0,1.0,13,10,620,5801,5801,13,10
v_BgwzTUxJaeU_c014,0.9058113271570938,0.999934549415262,0.9057520412760691,0.9058113271570938,0.9058113271570938,0.9058113271570938,0.9058113271570938,0.9058113271570938,0.9058113271570938,0.9058113271570938,0.9058113271570938,0.9058113271570938,0.9058113271570938,0.9058113271570938,0.9058113271570938,0.9058113271570938,0.9056068512266617,0.9056068512266617,0.9056068512266617,0.9056068512266617,0.9056068512266617,0.9056068512266617,0.9057467558106415,1.0,1.0,1.0,1.0,1.0,1.0,1.0,1.0,1.0,1.0,1.0,1.0,1.0,0.9995877138734282,0.9995877138734282,0.9995877138734282,0.9995877138734282,0.9995877138734282,0.9995877138734282,0.9998698043810825,0.8204941604060956,0.8204941604060956,0.8204941604060956,0.8204941604060956,0.8204941604060956,0.8204941604060956,0.8204941604060956,0.8204941604060956,0.8204941604060956,0.8204941604060956,0.8204941604060956,0.8204941604060956,0.8204941604060956,0.8204620341027085,0.8204620341027085,0.8204620341027085,0.8204620341027085,0.8204620341027085,0.8204620341027085,0.8204840152576577,1.0,1.0,1.0,1.0,1.0,1.0,1.0,1.0,1.0,1.0,1.0,1.0,1.0,0.9997938144329896,0.9997938144329896,0.9997938144329896,0.9997938144329896,0.9997938144329896,0.9997938144329896,0.9999348887683127,1.0,1.0,1.0,1.0,1.0,1.0,1.0,1.0,1.0,1.0,1.0,1.0,1.0,0.9997938144329896,0.9997938144329896,0.9997938144329896,0.9997938144329896,0.9997938144329896,0.9997938144329896,0.9999348887683127,0.8541323244624154,0.8541323244624154,0.8541323244624154,0.8541323244624154,0.8541323244624154,0.8541323244624154,0.8541323244624154,0.8541323244624154,0.8541323244624154,0.8541323244624154,0.8541323244624154,0.8541323244624154,0.8541323244624154,0.8540703508993062,0.8540703508993062,0.8540703508993062,0.8540703508993062,0.8540703508993062,0.8540703508993062,0.8541127538635388,0.9001648835237545,0.9001648835237545,0.9001648835237545,0.9001648835237545,0.9001648835237545,0.9001648835237545,0.9001648835237545,0.9001648835237545,0.9001648835237545,0.9001648835237545,0.9001648835237545,0.9001648835237545,0.9001648835237545,0.9001124045918318,0.9001124045918318,0.9001124045918318,0.9001124045918318,0.9001124045918318,0.9001124045918318,0.9001483112294629,0.999934549415262,0.999934549415262,0.999934549415262,0.999934549415262,0.999934549415262,0.999934549415262,0.999934549415262,0.999934549415262,0.999934549415262,0.999934549415262,0.999934549415262,0.999934549415262,0.999934549415262,1.0,1.0,1.0,1.0,1.0,1.0,0.9999552180209689,0.9058113271570938,0.9058113271570938,0.9058113271570938,0.9058113271570938,0.9058113271570938,0.9058113271570938,0.9058113271570938,0.9058113271570938,0.9058113271570938,0.9058113271570938,0.9058113271570938,0.9058113271570938,0.9058113271570938,0.905700207945762,0.905700207945762,0.905700207945762,0.905700207945762,0.905700207945762,0.905700207945762,0.9057762368798311,9700.0,9700.0,9700.0,9700.0,9700.0,9700.0,9700.0,9700.0,9700.0,9700.0,9700.0,9700.0,9700.0,9698.0,9698.0,9698.0,9698.0,9698.0,9698.0,9699.368421052632,0.0,0.0,0.0,0.0,0.0,0.0,0.0,0.0,0.0,0.0,0.0,0.0,0.0,2.0,2.0,2.0,2.0,2.0,2.0,0.631578947368421,0.0,0.0,0.0,0.0,0.0,0.0,0.0,0.0,0.0,0.0,0.0,0.0,0.0,2.0,2.0,2.0,2.0,2.0,2.0,0.631578947368421,0.9996907216494846,0.9998988084234652,1.0,1.0,1.0,1.0,0.0,0.0,0.9995895300729497,1.0,0.0,0.9999508122417814,9699.018441707613,9700,0,0,3,10,0,0,3.0,1000,0.8681443298969073,0.8681443298969073,0.8681443298969073,8421,1279,1279,8.659247987662722,0.8246902845393068,1000.0,1.0,11,10,1000,9700,9700,11,10
v_G-vNjfx1GGc_c004,0.8268658446955485,1.0,0.8268658446955485,0.8268658446955485,0.8268658446955485,0.8268658446955485,0.8268658446955485,0.8268658446955485,0.8268658446955485,0.8268658446955485,0.8268658446955485,0.8268658446955485,0.8268658446955485,0.8268658446955485,0.8268658446955485,0.8268658446955485,0.8268658446955485,0.8268658446955485,0.8268658446955485,0.8268658446955485,0.8268658446955485,0.8268658446955485,0.8268658446955485,1.0,1.0,1.0,1.0,1.0,1.0,1.0,1.0,1.0,1.0,1.0,1.0,1.0,1.0,1.0,1.0,1.0,1.0,1.0,1.0,0.6837071251240828,0.6837071251240828,0.6837071251240828,0.6837071251240828,0.6837071251240828,0.6837071251240828,0.6837071251240828,0.6837071251240828,0.6837071251240828,0.6837071251240828,0.6837071251240828,0.6837071251240828,0.6837071251240828,0.6837071251240828,0.6837071251240828,0.6837071251240828,0.6837071251240828,0.6837071251240828,0.6837071251240828,0.6837071251240829,1.0,1.0,1.0,1.0,1.0,1.0,1.0,1.0,1.0,1.0,1.0,1.0,1.0,1.0,1.0,1.0,1.0,1.0,1.0,1.0,1.0,1.0,1.0,1.0,1.0,1.0,1.0,1.0,1.0,1.0,1.0,1.0,1.0,1.0,1.0,1.0,1.0,1.0,1.0,1.0,0.7782510554002362,0.7782510554002362,0.7782510554002362,0.7782510554002362,0.7782510554002362,0.7782510554002362,0.7782510554002362,0.7782510554002362,0.7782510554002362,0.7782510554002362,0.7782510554002362,0.7782510554002362,0.7782510554002362,0.7782510554002362,0.7782510554002362,0.7782510554002362,0.7782510554002362,0.7782510554002362,0.7782510554002362,0.7782510554002362,0.8291257671992734,0.8291257671992734,0.8291257671992734,0.8291257671992734,0.8291257671992734,0.8291257671992734,0.8291257671992734,0.8291257671992734,0.8291257671992734,0.8291257671992734,0.8291257671992734,0.8291257671992734,0.8291257671992734,0.8291257671992734,0.8291257671992734,0.8291257671992734,0.8291257671992734,0.8291257671992734,0.8291257671992734,0.8291257671992736,1.0,1.0,1.0,1.0,1.0,1.0,1.0,1.0,1.0,1.0,1.0,1.0,1.0,1.0,1.0,1.0,1.0,1.0,1.0,1.0,0.8268658446955485,0.8268658446955485,0.8268658446955485,0.8268658446955485,0.8268658446955485,0.8268658446955485,0.8268658446955485,0.8268658446955485,0.8268658446955485,0.8268658446955485,0.8268658446955485,0.8268658446955485,0.8268658446955485,0.8268658446955485,0.8268658446955485,0.8268658446955485,0.8268658446955485,0.8268658446955485,0.8268658446955485,0.8268658446955485,8137.0,8137.0,8137.0,8137.0,8137.0,8137.0,8137.0,8137.0,8137.0,8137.0,8137.0,8137.0,8137.0,8137.0,8137.0,8137.0,8137.0,8137.0,8137.0,8137.0,0.0,0.0,0.0,0.0,0.0,0.0,0.0,0.0,0.0,0.0,0.0,0.0,0.0,0.0,0.0,0.0,0.0,0.0,0.0,0.0,0.0,0.0,0.0,0.0,0.0,0.0,0.0,0.0,0.0,0.0,0.0,0.0,0.0,0.0,0.0,0.0,0.0,0.0,0.0,0.0,0.9975420916799803,1.0,1.0,1.0,1.0,1.0,0.0,0.0,0.9975420916799803,1.0,0.0,0.9998401093774532,8137.0,8137,0,0,20,20,0,0,19.0,675,0.7876367211503011,0.7876367211503011,0.7876367211503011,6409,1728,1728,13.136726301759635,0.5361929102759034,675.0,1.0,29,20,675,8137,8137,29,20
v_G-vNjfx1GGc_c008,0.8709771895846934,1.0,0.8709771895846934,0.8709771895846934,0.8709771895846934,0.8709771895846934,0.8709771895846934,0.8709771895846934,0.8709771895846934,0.8709771895846934,0.8709771895846934,0.8709771895846934,0.8709771895846934,0.8709771895846934,0.8709771895846934,0.8709771895846934,0.8709771895846934,0.8709771895846934,0.8709771895846934,0.8709771895846934,0.8709771895846934,0.8709771895846934,0.8709771895846933,1.0,1.0,1.0,1.0,1.0,1.0,1.0,1.0,1.0,1.0,1.0,1.0,1.0,1.0,1.0,1.0,1.0,1.0,1.0,1.0,0.758601264776851,0.758601264776851,0.758601264776851,0.758601264776851,0.758601264776851,0.758601264776851,0.758601264776851,0.758601264776851,0.758601264776851,0.758601264776851,0.758601264776851,0.758601264776851,0.758601264776851,0.758601264776851,0.758601264776851,0.758601264776851,0.758601264776851,0.758601264776851,0.758601264776851,0.7586012647768511,1.0,1.0,1.0,1.0,1.0,1.0,1.0,1.0,1.0,1.0,1.0,1.0,1.0,1.0,1.0,1.0,1.0,1.0,1.0,1.0,1.0,1.0,1.0,1.0,1.0,1.0,1.0,1.0,1.0,1.0,1.0,1.0,1.0,1.0,1.0,1.0,1.0,1.0,1.0,1.0,0.8695444005992895,0.8695444005992895,0.8695444005992895,0.8695444005992895,0.8695444005992895,0.8695444005992895,0.8695444005992895,0.8695444005992895,0.8695444005992895,0.8695444005992895,0.8695444005992895,0.8695444005992895,0.8695444005992895,0.8695444005992895,0.8695444005992895,0.8695444005992895,0.8695444005992895,0.8695444005992895,0.8695444005992895,0.8695444005992896,0.8513244112031849,0.8513244112031849,0.8513244112031849,0.8513244112031849,0.8513244112031849,0.8513244112031849,0.8513244112031849,0.8513244112031849,0.8513244112031849,0.8513244112031849,0.8513244112031849,0.8513244112031849,0.8513244112031849,0.8513244112031849,0.8513244112031849,0.8513244112031849,0.8513244112031849,0.8513244112031849,0.8513244112031849,0.8513244112031849,1.0,1.0,1.0,1.0,1.0,1.0,1.0,1.0,1.0,1.0,1.0,1.0,1.0,1.0,1.0,1.0,1.0,1.0,1.0,1.0,0.8709771895846934,0.8709771895846934,0.8709771895846934,0.8709771895846934,0.8709771895846934,0.8709771895846934,0.8709771895846934,0.8709771895846934,0.8709771895846934,0.8709771895846934,0.8709771895846934,0.8709771895846934,0.8709771895846934,0.8709771895846934,0.8709771895846934,0.8709771895846934,0.8709771895846934,0.8709771895846934,0.8709771895846934,0.8709771895846933,4573.0,4573.0,4573.0,4573.0,4573.0,4573.0,4573.0,4573.0,4573.0,4573.0,4573.0,4573.0,4573.0,4573.0,4573.0,4573.0,4573.0,4573.0,4573.0,4573.0,0.0,0.0,0.0,0.0,0.0,0.0,0.0,0.0,0.0,0.0,0.0,0.0,0.0,0.0,0.0,0.0,0.0,0.0,0.0,0.0,0.0,0.0,0.0,0.0,0.0,0.0,0.0,0.0,0.0,0.0,0.0,0.0,0.0,0.0,0.0,0.0,0.0,0.0,0.0,0.0,0.998031926525257,1.0,1.0,1.0,1.0,1.0,0.0,0.0,0.998031926525257,1.0,0.0,0.9997913311809666,4573.0,4573,0,0,9,20,0,0,6.0,480,0.8333697791384211,0.8333697791384211,0.8333697791384211,3811,762,762,14.468069368375778,0.6889556842083704,480.0,1.0,22,20,480,4573,4573,22,20
v_G-vNjfx1GGc_c600,0.7242363036437657,1.0,0.7242363036437657,0.7242363036437657,0.7242363036437657,0.7242363036437657,0.7242363036437657,0.7242363036437657,0.7242363036437657,0.7242363036437657,0.7242363036437657,0.7242363036437657,0.7242363036437657,0.7242363036437657,0.7242363036437657,0.7242363036437657,0.7242363036437657,0.7242363036437657,0.7242363036437657,0.7242363036437657,0.7242363036437657,0.7242363036437657,0.7242363036437657,1.0,1.0,1.0,1.0,1.0,1.0,1.0,1.0,1.0,1.0,1.0,1.0,1.0,1.0,1.0,1.0,1.0,1.0,1.0,1.0,0.5245182235155847,0.5245182235155847,0.5245182235155847,0.5245182235155847,0.5245182235155847,0.5245182235155847,0.5245182235155847,0.5245182235155847,0.5245182235155847,0.5245182235155847,0.5245182235155847,0.5245182235155847,0.5245182235155847,0.5245182235155847,0.5245182235155847,0.5245182235155847,0.5245182235155847,0.5245182235155847,0.5245182235155847,0.5245182235155849,1.0,1.0,1.0,1.0,1.0,1.0,1.0,1.0,1.0,1.0,1.0,1.0,1.0,1.0,1.0,1.0,1.0,1.0,1.0,1.0,1.0,1.0,1.0,1.0,1.0,1.0,1.0,1.0,1.0,1.0,1.0,1.0,1.0,1.0,1.0,1.0,1.0,1.0,1.0,1.0,0.6815814088800508,0.6815814088800508,0.6815814088800508,0.6815814088800508,0.6815814088800508,0.6815814088800508,0.6815814088800508,0.6815814088800508,0.6815814088800508,0.6815814088800508,0.6815814088800508,0.6815814088800508,0.6815814088800508,0.6815814088800508,0.6815814088800508,0.6815814088800508,0.6815814088800508,0.6815814088800508,0.6815814088800508,0.6815814088800508,0.6957677151118599,0.6957677151118599,0.6957677151118599,0.6957677151118599,0.6957677151118599,0.6957677151118599,0.6957677151118599,0.6957677151118599,0.6957677151118599,0.6957677151118599,0.6957677151118599,0.6957677151118599,0.6957677151118599,0.6957677151118599,0.6957677151118599,0.6957677151118599,0.6957677151118599,0.6957677151118599,0.6957677151118599,0.6957677151118599,1.0,1.0,1.0,1.0,1.0,1.0,1.0,1.0,1.0,1.0,1.0,1.0,1.0,1.0,1.0,1.0,1.0,1.0,1.0,1.0,0.7242363036437657,0.7242363036437657,0.7242363036437657,0.7242363036437657,0.7242363036437657,0.7242363036437657,0.7242363036437657,0.7242363036437657,0.7242363036437657,0.7242363036437657,0.7242363036437657,0.7242363036437657,0.7242363036437657,0.7242363036437657,0.7242363036437657,0.7242363036437657,0.7242363036437657,0.7242363036437657,0.7242363036437657,0.7242363036437657,5462.0,5462.0,5462.0,5462.0,5462.0,5462.0,5462.0,5462.0,5462.0,5462.0,5462.0,5462.0,5462.0,5462.0,5462.0,5462.0,5462.0,5462.0,5462.0,5462.0,0.0,0.0,0.0,0.0,0.0,0.0,0.0,0.0,0.0,0.0,0.0,0.0,0.0,0.0,0.0,0.0,0.0,0.0,0.0,0.0,0.0,0.0,0.0,0.0,0.0,0.0,0.0,0.0,0.0,0.0,0.0,0.0,0.0,0.0,0.0,0.0,0.0,0.0,0.0,0.0,0.9952398388868546,1.0,1.0,1.0,1.0,1.0,0.0,0.0,0.9952398388868546,1.0,0.0,0.9997409422651097,5462.0,5462,0,0,26,19,0,0,24.0,500,0.6512266569022336,0.6512266569022336,0.6512266569022336,3557,1905,1905,9.048325597091399,0.37701356654547497,500.0,1.0,29,19,500,5462,5462,29,19
v_G-vNjfx1GGc_c601,0.8343674229852105,1.0,0.8343674229852105,0.8343674229852105,0.8343674229852105,0.8343674229852105,0.8343674229852105,0.8343674229852105,0.8343674229852105,0.8343674229852105,0.8343674229852105,0.8343674229852105,0.8343674229852105,0.8343674229852105,0.8343674229852105,0.8343674229852105,0.8343674229852105,0.8343674229852105,0.8343674229852105,0.8343674229852105,0.8343674229852105,0.8343674229852105,0.8343674229852104,1.0,1.0,1.0,1.0,1.0,1.0,1.0,1.0,1.0,1.0,1.0,1.0,1.0,1.0,1.0,1.0,1.0,1.0,1.0,1.0,0.6961689965389812,0.6961689965389812,0.6961689965389812,0.6961689965389812,0.6961689965389812,0.6961689965389812,0.6961689965389812,0.6961689965389812,0.6961689965389812,0.6961689965389812,0.6961689965389812,0.6961689965389812,0.6961689965389812,0.6961689965389812,0.6961689965389812,0.6961689965389812,0.6961689965389812,0.6961689965389812,0.6961689965389812,0.6961689965389812,1.0,1.0,1.0,1.0,1.0,1.0,1.0,1.0,1.0,1.0,1.0,1.0,1.0,1.0,1.0,1.0,1.0,1.0,1.0,1.0,1.0,1.0,1.0,1.0,1.0,1.0,1.0,1.0,1.0,1.0,1.0,1.0,1.0,1.0,1.0,1.0,1.0,1.0,1.0,1.0,0.7819329998201432,0.7819329998201432,0.7819329998201432,0.7819329998201432,0.7819329998201432,0.7819329998201432,0.7819329998201432,0.7819329998201432,0.7819329998201432,0.7819329998201432,0.7819329998201432,0.7819329998201432,0.7819329998201432,0.7819329998201432,0.7819329998201432,0.7819329998201432,0.7819329998201432,0.7819329998201432,0.7819329998201432,0.7819329998201431,0.8537540540364764,0.8537540540364764,0.8537540540364764,0.8537540540364764,0.8537540540364764,0.8537540540364764,0.8537540540364764,0.8537540540364764,0.8537540540364764,0.8537540540364764,0.8537540540364764,0.8537540540364764,0.8537540540364764,0.8537540540364764,0.8537540540364764,0.8537540540364764,0.8537540540364764,0.8537540540364764,0.8537540540364764,0.8537540540364765,1.0,1.0,1.0,1.0,1.0,1.0,1.0,1.0,1.0,1.0,1.0,1.0,1.0,1.0,1.0,1.0,1.0,1.0,1.0,1.0,0.8343674229852105,0.8343674229852105,0.8343674229852105,0.8343674229852105,0.8343674229852105,0.8343674229852105,0.8343674229852105,0.8343674229852105,0.8343674229852105,0.8343674229852105,0.8343674229852105,0.8343674229852105,0.8343674229852105,0.8343674229852105,0.8343674229852105,0.8343674229852105,0.8343674229852105,0.8343674229852105,0.8343674229852105,0.8343674229852104,5554.0,5554.0,5554.0,5554.0,5554.0,5554.0,5554.0,5554.0,5554.0,5554.0,5554.0,5554.0,5554.0,5554.0,5554.0,5554.0,5554.0,5554.0,5554.0,5554.0,0.0,0.0,0.0,0.0,0.0,0.0,0.0,0.0,0.0,0.0,0.0,0.0,0.0,0.0,0.0,0.0,0.0,0.0,0.0,0.0,0.0,0.0,0.0,0.0,0.0,0.0,0.0,0.0,0.0,0.0,0.0,0.0,0.0,0.0,0.0,0.0,0.0,0.0,0.0,0.0,0.9969391429600288,1.0,1.0,1.0,1.0,1.0,0.0,0.0,0.9969391429600288,1.0,0.0,0.9997784571621573,5554.0,5554,0,0,17,20,0,0,19.0,481,0.8149081742888009,0.8149081742888009,0.8149081742888009,4526,1028,1028,14.416059472989842,0.6134493392761635,481.0,1.0,27,20,481,5554,5554,27,20
v_ITo3sCnpw_k_c007,0.757002365602608,0.9998783040203553,0.7569102414581327,0.757002365602608,0.757002365602608,0.757002365602608,0.757002365602608,0.757002365602608,0.757002365602608,0.757002365602608,0.757002365602608,0.757002365602608,0.757002365602608,0.757002365602608,0.757002365602608,0.757002365602608,0.757002365602608,0.7568486548150828,0.7566956795286504,0.7566956795286504,0.7566956795286504,0.7565465154116692,0.7569218593289061,1.0,1.0,1.0,1.0,1.0,1.0,1.0,1.0,1.0,1.0,1.0,1.0,1.0,1.0,0.9995910856675526,0.9991823385118561,0.9991823385118561,0.9991823385118561,0.9987737584304108,0.9997848347175542,0.5730525815279446,0.5730525815279446,0.5730525815279446,0.5730525815279446,0.5730525815279446,0.5730525815279446,0.5730525815279446,0.5730525815279446,0.5730525815279446,0.5730525815279446,0.5730525815279446,0.5730525815279446,0.5730525815279446,0.5730525815279446,0.5730542163777466,0.5730569179896805,0.5730569179896805,0.5730569179896805,0.573065346531547,0.5730540241194504,1.0,1.0,1.0,1.0,1.0,1.0,1.0,1.0,1.0,1.0,1.0,1.0,1.0,1.0,0.9997955010224949,0.9995910020449897,0.9995910020449897,0.9995910020449897,0.9993865030674847,0.9998923689592079,1.0,1.0,1.0,1.0,1.0,1.0,1.0,1.0,1.0,1.0,1.0,1.0,1.0,1.0,0.9997955010224949,0.9995910020449897,0.9995910020449897,0.9995910020449897,0.9993865030674847,0.9998923689592079,0.6550623108357102,0.6550623108357102,0.6550623108357102,0.6550623108357102,0.6550623108357102,0.6550623108357102,0.6550623108357102,0.6550623108357102,0.6550623108357102,0.6550623108357102,0.6550623108357102,0.6550623108357102,0.6550623108357102,0.6550623108357102,0.6550193706227898,0.6549775331082913,0.6549775331082913,0.6549775331082913,0.6549836218415874,0.6550425233415365,0.7553702714772386,0.7553702714772386,0.7553702714772386,0.7553702714772386,0.7553702714772386,0.7553702714772386,0.7553702714772386,0.7553702714772386,0.7553702714772386,0.7553702714772386,0.7553702714772386,0.7553702714772386,0.7553702714772386,0.7553702714772386,0.755353162862799,0.7553372531765635,0.7553372531765635,0.7553372531765635,0.7553705815718532,0.7553641739287201,0.9998783040203553,0.9998783040203553,0.9998783040203553,0.9998783040203553,0.9998783040203553,0.9998783040203553,0.9998783040203553,0.9998783040203553,0.9998783040203553,0.9998783040203553,0.9998783040203553,0.9998783040203553,0.9998783040203553,0.9998783040203553,0.9999350727334759,0.9999842628729699,0.9999842628729699,0.9999842628729699,1.0,0.9999044272440717,0.757002365602608,0.757002365602608,0.757002365602608,0.757002365602608,0.757002365602608,0.757002365602608,0.757002365602608,0.757002365602608,0.757002365602608,0.757002365602608,0.757002365602608,0.757002365602608,0.757002365602608,0.757002365602608,0.7569260382470948,0.7568504072021883,0.7568504072021883,0.7568504072021883,0.7567785493123593,0.7569625751369754,9780.0,9780.0,9780.0,9780.0,9780.0,9780.0,9780.0,9780.0,9780.0,9780.0,9780.0,9780.0,9780.0,9780.0,9778.0,9776.0,9776.0,9776.0,9774.0,9778.947368421053,0.0,0.0,0.0,0.0,0.0,0.0,0.0,0.0,0.0,0.0,0.0,0.0,0.0,0.0,2.0,4.0,4.0,4.0,6.0,1.0526315789473684,0.0,0.0,0.0,0.0,0.0,0.0,0.0,0.0,0.0,0.0,0.0,0.0,0.0,0.0,2.0,4.0,4.0,4.0,6.0,1.0526315789473684,0.9958077709611451,0.9996765325948046,1.0,1.0,1.0,1.0,0.0,0.0,0.9954843035559499,1.0,0.0,0.9998350936751821,9776.83648877719,9780,0,0,41,21,0,0,30.0,701,0.7052147239263804,0.7052147239263804,0.7052147239263804,6897,2883,2883,12.42574564763876,0.4602128017643985,701.0,1.0,33,21,701,9780,9780,33,21
v_ITo3sCnpw_k_c010,0.9261008190468696,0.9993380322353694,0.9254877701578625,0.9261008190468696,0.9261008190468696,0.9261008190468696,0.9261008190468696,0.9261008190468696,0.9261008190468696,0.9258393912849416,0.9253196182002051,0.9250612629709093,0.9250612629709093,0.9250612629709093,0.9250612629709093,0.9250612629709093,0.9250612629709093,0.9250612629709093,0.9250612629709093,0.9250612629709093,0.9250612629709093,0.9250612629709093,0.9254440956024403,1.0,1.0,1.0,1.0,1.0,1.0,0.9994809913066044,0.998443781610686,0.9979255801892908,0.9979255801892908,0.9979255801892908,0.9979255801892908,0.9979255801892908,0.9979255801892908,0.9979255801892908,0.9979255801892908,0.9979255801892908,0.9979255801892908,0.9979255801892908,0.998689797631552,0.8576627270392826,0.8576627270392826,0.8576627270392826,0.8576627270392826,0.8576627270392826,0.8576627270392826,0.8576236926069964,0.8575509323568806,0.8575171908981567,0.8575171908981567,0.8575171908981567,0.8575171908981567,0.8575171908981567,0.8575171908981567,0.8575171908981567,0.8575171908981567,0.8575171908981567,0.8575171908981567,0.8575171908981567,0.8575705308989106,1.0,1.0,1.0,1.0,1.0,1.0,0.999740428293316,0.9992212848799481,0.9989617131732641,0.9989617131732641,0.9989617131732641,0.9989617131732641,0.9989617131732641,0.9989617131732641,0.9989617131732641,0.9989617131732641,0.9989617131732641,0.9989617131732641,0.9989617131732641,0.9993442398989038,1.0,1.0,1.0,1.0,1.0,1.0,0.999740428293316,0.9992212848799481,0.9989617131732641,0.9989617131732641,0.9989617131732641,0.9989617131732641,0.9989617131732641,0.9989617131732641,0.9989617131732641,0.9989617131732641,0.9989617131732641,0.9989617131732641,0.9989617131732641,0.9993442398989038,0.8722775211682211,0.8722775211682211,0.8722775211682211,0.8722775211682211,0.8722775211682211,0.8722775211682211,0.8722869112080621,0.8723088369035822,0.8723213741939845,0.8723213741939845,0.8723213741939845,0.8723213741939845,0.8723213741939845,0.8723213741939845,0.8723213741939845,0.8723213741939845,0.8723213741939845,0.8723213741939845,0.8723213741939845,0.8723050521713052,0.9662839049047688,0.9662839049047688,0.9662839049047688,0.9662839049047688,0.9662839049047688,0.9662839049047688,0.9663006072639331,0.9663440801201768,0.966370855849496,0.966370855849496,0.966370855849496,0.966370855849496,0.966370855849496,0.966370855849496,0.966370855849496,0.966370855849496,0.966370855849496,0.966370855849496,0.966370855849496,0.9663382911135359,0.9993380322353694,0.9993380322353694,0.9993380322353694,0.9993380322353694,0.9993380322353694,0.9993380322353694,0.9995144149517748,0.9998454139274929,1.0,1.0,1.0,1.0,1.0,1.0,1.0,1.0,1.0,1.0,1.0,0.9997572643311307,0.9261008190468696,0.9261008190468696,0.9261008190468696,0.9261008190468696,0.9261008190468696,0.9261008190468696,0.9259595443438196,0.92567982827738,0.9255413778406385,0.9255413778406385,0.9255413778406385,0.9255413778406385,0.9255413778406385,0.9255413778406385,0.9255413778406385,0.9255413778406385,0.9255413778406385,0.9255413778406385,0.9255413778406385,0.9257473391131285,7705.0,7705.0,7705.0,7705.0,7705.0,7705.0,7703.0,7699.0,7697.0,7697.0,7697.0,7697.0,7697.0,7697.0,7697.0,7697.0,7697.0,7697.0,7697.0,7699.9473684210525,0.0,0.0,0.0,0.0,0.0,0.0,2.0,6.0,8.0,8.0,8.0,8.0,8.0,8.0,8.0,8.0,8.0,8.0,8.0,5.052631578947368,0.0,0.0,0.0,0.0,0.0,0.0,2.0,6.0,8.0,8.0,8.0,8.0,8.0,8.0,8.0,8.0,8.0,8.0,8.0,5.052631578947368,0.9985723556132382,1.0,1.0,1.0,1.0,1.0,0.0,0.0,0.9985723556132382,1.0,0.0,0.9998648419616927,7705.0,7705,0,0,11,20,0,0,11.0,560,0.9194029850746268,0.9194029850746268,0.9194029850746268,7084,621,621,18.17523260256585,0.7734141533006744,560.0,1.0,27,20,560,7705,7705,27,20
v_ITo3sCnpw_k_c011,0.8618275290013773,0.9978103950745529,0.85994046719899,0.8618275290013773,0.8616088330163333,0.8613756907491577,0.8608079928865744,0.860365318019344,0.8595920273297805,0.8592600945396244,0.8577895389735971,0.8574640520135147,0.8568165391249623,0.8568165391249623,0.8568165391249623,0.8568165391249623,0.8568165391249623,0.8568165391249623,0.8568165391249623,0.8568165391249623,0.8568165391249623,0.8568165391249623,0.8583292877778381,0.9991786447638604,0.9989734113540705,0.9985630709227138,0.9977428952498204,0.9973330598010053,0.9965138931610786,0.9961045617631984,0.9940604198668714,0.993652093785195,0.9928359430969195,0.9928359430969195,0.9928359430969195,0.9928359430969195,0.9928359430969195,0.9928359430969195,0.9928359430969195,0.9928359430969195,0.9928359430969195,0.9928359430969195,0.9947621832440533,0.7433572501143235,0.7431326726959766,0.7430357703174213,0.7426666771021,0.7422079045471756,0.7414833436040063,0.7412152683663396,0.740199366625097,0.7399416808901512,0.7394319140261147,0.7394319140261147,0.7394319140261147,0.7394319140261147,0.7394319140261147,0.7394319140261147,0.7394319140261147,0.7394319140261147,0.7394319140261147,0.7394319140261147,0.7406083723433546,0.9995891536565324,0.9994864420706656,0.9992810188989318,0.9988701725554643,0.9986647493837305,0.998253903040263,0.9980484798685292,0.9970213640098603,0.9968159408381265,0.996405094494659,0.996405094494659,0.996405094494659,0.996405094494659,0.996405094494659,0.996405094494659,0.996405094494659,0.996405094494659,0.996405094494659,0.996405094494659,0.9973727457509839,0.9995891536565324,0.9994864420706656,0.9992810188989318,0.9988701725554643,0.9986647493837305,0.998253903040263,0.9980484798685292,0.9970213640098603,0.9968159408381265,0.996405094494659,0.996405094494659,0.996405094494659,0.996405094494659,0.996405094494659,0.996405094494659,0.996405094494659,0.996405094494659,0.996405094494659,0.996405094494659,0.9973727457509839,0.8116304446131702,0.8115098437577795,0.8114402338528137,0.8112178809223525,0.8109750256294471,0.8105800724201473,0.8104276977697211,0.809879342680487,0.8097311795619403,0.8094370830259879,0.8094370830259879,0.8094370830259879,0.8094370830259879,0.8094370830259879,0.8094370830259879,0.8094370830259879,0.8094370830259879,0.8094370830259879,0.8094370830259879,0.8100927658667232,0.8738132337797202,0.8736996919761224,0.8735653868399212,0.873253326668981,0.8730226752464318,0.8726144186214677,0.8724366916497538,0.8717637800592496,0.8715912353128091,0.8712488622313519,0.8712488622313519,0.8712488622313519,0.8712488622313519,0.8712488622313519,0.8712488622313519,0.8712488622313519,0.8712488622313519,0.8712488622313519,0.8712488622313519,0.8720131085509462,0.9978103950745529,0.9979076175217229,0.9980832577809224,0.9984189982255666,0.9985807558003829,0.9988802784264369,0.9990174681073624,0.9996566078103188,0.9997791698408227,1.0,1.0,1.0,1.0,1.0,1.0,1.0,1.0,1.0,1.0,0.9993755025572678,0.8620045501656148,0.8618300476424375,0.861685291531163,0.861294137857775,0.8609395280652578,0.860342165531856,0.8600981175705299,0.8590661104663534,0.8588280752291817,0.8583552447370246,0.8583552447370246,0.8583552447370246,0.8583552447370246,0.8583552447370246,0.8583552447370246,0.8583552447370246,0.8583552447370246,0.8583552447370246,0.8583552447370246,0.8594547616542324,9732.0,9731.0,9729.0,9725.0,9723.0,9719.0,9717.0,9707.0,9705.0,9701.0,9701.0,9701.0,9701.0,9701.0,9701.0,9701.0,9701.0,9701.0,9701.0,9710.421052631578,4.0,5.0,7.0,11.0,13.0,17.0,19.0,29.0,31.0,35.0,35.0,35.0,35.0,35.0,35.0,35.0,35.0,35.0,35.0,25.57894736842105,4.0,5.0,7.0,11.0,13.0,17.0,19.0,29.0,31.0,35.0,35.0,35.0,35.0,35.0,35.0,35.0,35.0,35.0,35.0,25.57894736842105,0.9959942481511914,0.999907437211335,1.0,1.0,1.0,1.0,0.0,0.0,0.9959016853625264,1.0,0.0,0.9998365792309957,9735.098808689558,9736,0,0,39,22,0,0,16.0,776,0.8319638455217748,0.8319638455217748,0.8319638455217748,8100,1636,1636,15.772859309171418,0.5841799744137562,776.0,1.0,32,22,776,9736,9736,32,22
v_ITo3sCnpw_k_c012,0.7366126120943663,0.9990712789672904,0.7359285044685552,0.7366126120943663,0.7366126120943663,0.7356926811627509,0.7353483398588744,0.7346632263350816,0.7346632263350816,0.7346632263350816,0.7346632263350816,0.7346632263350816,0.7346632263350816,0.7346632263350816,0.7346632263350816,0.7346632263350816,0.7346632263350816,0.7346632263350816,0.7346632263350816,0.7346632263350816,0.7346632263350816,0.7346632263350816,0.7349586652756096,1.0,1.0,0.9988927846466138,0.9985239852398524,0.9977867945407599,0.9977867945407599,0.9977867945407599,0.9977867945407599,0.9977867945407599,0.9977867945407599,0.9977867945407599,0.9977867945407599,0.9977867945407599,0.9977867945407599,0.9977867945407599,0.9977867945407599,0.9977867945407599,0.9977867945407599,0.9977867945407599,0.9981167730525191,0.5425981402964855,0.5425981402964855,0.5418436587345229,0.5415364967956315,0.5409272392480268,0.5409272392480268,0.5409272392480268,0.5409272392480268,0.5409272392480268,0.5409272392480268,0.5409272392480268,0.5409272392480268,0.5409272392480268,0.5409272392480268,0.5409272392480268,0.5409272392480268,0.5409272392480268,0.5409272392480268,0.5409272392480268,0.5411834223601857,1.0,1.0,0.9994460856720827,0.9992614475627769,0.9988921713441654,0.9988921713441654,0.9988921713441654,0.9988921713441654,0.9988921713441654,0.9988921713441654,0.9988921713441654,0.9988921713441654,0.9988921713441654,0.9988921713441654,0.9988921713441654,0.9988921713441654,0.9988921713441654,0.9988921713441654,0.9988921713441654,0.9990573738630181,1.0,1.0,0.9994460856720827,0.9992614475627769,0.9988921713441654,0.9988921713441654,0.9988921713441654,0.9988921713441654,0.9988921713441654,0.9988921713441654,0.9988921713441654,0.9988921713441654,0.9988921713441654,0.9988921713441654,0.9988921713441654,0.9988921713441654,0.9988921713441654,0.9988921713441654,0.9988921713441654,0.9990573738630181,0.5961794988833117,0.5961794988833117,0.5957586717511367,0.5955758040024245,0.5952115590089236,0.5952115590089236,0.5952115590089236,0.5952115590089236,0.5952115590089236,0.5952115590089236,0.5952115590089236,0.5952115590089236,0.5952115590089236,0.5952115590089236,0.5952115590089236,0.5952115590089236,0.5952115590089236,0.5952115590089236,0.5952115590089236,0.5953614136133705,0.8590405656003315,0.8590405656003315,0.858594680436132,0.8583855434471896,0.8579691571403879,0.8579691571403879,0.8579691571403879,0.8579691571403879,0.8579691571403879,0.8579691571403879,0.8579691571403879,0.8579691571403879,0.8579691571403879,0.8579691571403879,0.8579691571403879,0.8579691571403879,0.8579691571403879,0.8579691571403879,0.8579691571403879,0.8581367743257792,0.9990712789672904,0.9990712789672904,0.9995560396700793,0.9997109880126356,1.0,1.0,1.0,1.0,1.0,1.0,1.0,1.0,1.0,1.0,1.0,1.0,1.0,1.0,1.0,0.9998636624009104,0.7366126120943663,0.7366126120943663,0.7358964083133296,0.735619836393825,0.735070054179645,0.735070054179645,0.735070054179645,0.735070054179645,0.735070054179645,0.735070054179645,0.735070054179645,0.735070054179645,0.735070054179645,0.735070054179645,0.735070054179645,0.735070054179645,0.735070054179645,0.735070054179645,0.735070054179645,0.7353048569258189,10832.0,10832.0,10826.0,10824.0,10820.0,10820.0,10820.0,10820.0,10820.0,10820.0,10820.0,10820.0,10820.0,10820.0,10820.0,10820.0,10820.0,10820.0,10820.0,10821.78947368421,0.0,0.0,6.0,8.0,12.0,12.0,12.0,12.0,12.0,12.0,12.0,12.0,12.0,12.0,12.0,12.0,12.0,12.0,12.0,10.210526315789474,0.0,0.0,6.0,8.0,12.0,12.0,12.0,12.0,12.0,12.0,12.0,12.0,12.0,12.0,12.0,12.0,12.0,12.0,12.0,10.210526315789474,0.9959379615952733,1.0,1.0,1.0,1.0,1.0,0.0,0.0,0.9959379615952733,1.0,0.0,0.9998482780025401,10832.0,10832,0,0,44,21,0,0,36.0,850,0.6979320531757754,0.6979320531757754,0.6979320531757754,7560,3272,3272,12.969300398203485,0.4252229638755241,850.0,1.0,40,21,850,10832,10832,40,21
v_cC2mHWqMcjk_c007,0.9135872231464026,0.9978619442008099,0.9116339226858884,0.9135872231464026,0.9135872231464026,0.9135872231464026,0.9135872231464026,0.9135872231464026,0.9135872231464026,0.9135872231464026,0.911996312797761,0.9107388834164963,0.9098046245671569,0.9094948697203106,0.9091859429436148,0.9088778416638358,0.9088778416638358,0.9085705633180362,0.9085705633180362,0.9085705633180362,0.9085705633180362,0.9085705633180362,0.9108915629151584,1.0,1.0,1.0,1.0,1.0,1.0,1.0,0.9974641815645999,0.9954401519949335,0.9939248196430831,0.9934202201695559,0.9929158760278305,0.9924117870241558,0.9924117870241558,0.9919079529649766,0.9919079529649766,0.9919079529649766,0.9919079529649766,0.9919079529649766,0.9956593993827998,0.8346416142963549,0.8346416142963549,0.8346416142963549,0.8346416142963549,0.8346416142963549,0.8346416142963549,0.8346416142963549,0.8338517712506399,0.8332447833297246,0.8328038887096382,0.8326596351203546,0.8325167305745653,0.8323751711419424,0.8323751711419424,0.8322349529112015,0.8322349529112015,0.8322349529112015,0.8322349529112015,0.8322349529112015,0.8333417482052263,1.0,1.0,1.0,1.0,1.0,1.0,1.0,0.9987304811476451,0.9977148660657611,0.9969531547543481,0.9966992509838771,0.9964453472134062,0.9961914434429351,0.9961914434429351,0.9959375396724641,0.9959375396724641,0.9959375396724641,0.9959375396724641,0.9959375396724641,0.9978217729164858,1.0,1.0,1.0,1.0,1.0,1.0,1.0,0.9987304811476451,0.9977148660657611,0.9969531547543481,0.9966992509838771,0.9964453472134062,0.9961914434429351,0.9961914434429351,0.9959375396724641,0.9959375396724641,0.9959375396724641,0.9959375396724641,0.9959375396724641,0.9978217729164858,0.8703828037313566,0.8703828037313566,0.8703828037313566,0.8703828037313566,0.8703828037313566,0.8703828037313566,0.8703828037313566,0.8696491259575402,0.869074629882392,0.8686510402651071,0.8685112336841786,0.8683721229677696,0.8682337086479547,0.8682337086479547,0.8680959912573506,0.8680959912573506,0.8680959912573506,0.8680959912573506,0.8680959912573506,0.8691518501294287,0.8951259126587661,0.8951259126587661,0.8951259126587661,0.8951259126587661,0.8951259126587661,0.8951259126587661,0.8951259126587661,0.894423686656816,0.8938744096280599,0.8934697680151649,0.893336283871569,0.8932034988145275,0.8930714133785782,0.8930714133785782,0.892940028098804,0.892940028098804,0.892940028098804,0.892940028098804,0.892940028098804,0.8939490527815093,0.9978619442008099,0.9978619442008099,0.9978619442008099,0.9978619442008099,0.9978619442008099,0.9978619442008099,0.9978619442008099,0.9986312040191673,0.9992138339863534,0.9996098725465081,0.9997325650445352,0.9998400459326234,0.9999300287223027,0.9999300287223027,1.0,1.0,1.0,1.0,1.0,0.999048483598919,0.9135872231464026,0.9135872231464026,0.9135872231464026,0.9135872231464026,0.9135872231464026,0.9135872231464026,0.9135872231464026,0.9125750274399184,0.9117788697923473,0.9111895873750768,0.910994640296509,0.9108004296542368,0.9106069532053617,0.9106069532053617,0.9104142087159071,0.9104142087159071,0.9104142087159071,0.9104142087159071,0.9104142087159071,0.9118807403459559,7877.0,7877.0,7877.0,7877.0,7877.0,7877.0,7877.0,7867.0,7859.0,7853.0,7851.0,7849.0,7847.0,7847.0,7845.0,7845.0,7845.0,7845.0,7845.0,7859.8421052631575,0.0,0.0,0.0,0.0,0.0,0.0,0.0,10.0,18.0,24.0,26.0,28.0,30.0,30.0,32.0,32.0,32.0,32.0,32.0,17.157894736842106,0.0,0.0,0.0,0.0,0.0,0.0,0.0,10.0,18.0,24.0,26.0,28.0,30.0,30.0,32.0,32.0,32.0,32.0,32.0,17.157894736842106,0.9993652405738225,0.9999302952118712,1.0,1.0,1.0,1.0,0.0,0.0,0.9992955357856937,1.0,0.0,0.9999112644402265,7876.450935383909,7877,0,0,5,12,0,0,7.0,681,0.9046591341881427,0.9046591341881427,0.9046591341881427,7126,751,751,10.737609876819704,0.8590087901455763,681.0,1.0,13,12,681,7877,7877,13,12
v_cC2mHWqMcjk_c008,0.9982220323267187,1.0,0.9982220323267187,0.9982220323267187,0.9982220323267187,0.9982220323267187,0.9982220323267187,0.9982220323267187,0.9982220323267187,0.9982220323267187,0.9982220323267187,0.9982220323267187,0.9982220323267187,0.9982220323267187,0.9982220323267187,0.9982220323267187,0.9982220323267187,0.9982220323267187,0.9982220323267187,0.9982220323267187,0.9982220323267187,0.9982220323267187,0.9982220323267187,1.0,1.0,1.0,1.0,1.0,1.0,1.0,1.0,1.0,1.0,1.0,1.0,1.0,1.0,1.0,1.0,1.0,1.0,1.0,1.0,0.9964472258224846,0.9964472258224846,0.9964472258224846,0.9964472258224846,0.9964472258224846,0.9964472258224846,0.9964472258224846,0.9964472258224846,0.9964472258224846,0.9964472258224846,0.9964472258224846,0.9964472258224846,0.9964472258224846,0.9964472258224846,0.9964472258224846,0.9964472258224846,0.9964472258224846,0.9964472258224846,0.9964472258224846,0.9964472258224848,1.0,1.0,1.0,1.0,1.0,1.0,1.0,1.0,1.0,1.0,1.0,1.0,1.0,1.0,1.0,1.0,1.0,1.0,1.0,1.0,1.0,1.0,1.0,1.0,1.0,1.0,1.0,1.0,1.0,1.0,1.0,1.0,1.0,1.0,1.0,1.0,1.0,1.0,1.0,1.0,0.9971630280312689,0.9971630280312689,0.9971630280312689,0.9971630280312689,0.9971630280312689,0.9971630280312689,0.9971630280312689,0.9971630280312689,0.9971630280312689,0.9971630280312689,0.9971630280312689,0.9971630280312689,0.9971630280312689,0.9971630280312689,0.9971630280312689,0.9971630280312689,0.9971630280312689,0.9971630280312689,0.9971630280312689,0.9971630280312691,0.9985781783916649,0.9985781783916649,0.9985781783916649,0.9985781783916649,0.9985781783916649,0.9985781783916649,0.9985781783916649,0.9985781783916649,0.9985781783916649,0.9985781783916649,0.9985781783916649,0.9985781783916649,0.9985781783916649,0.9985781783916649,0.9985781783916649,0.9985781783916649,0.9985781783916649,0.9985781783916649,0.9985781783916649,0.9985781783916649,1.0,1.0,1.0,1.0,1.0,1.0,1.0,1.0,1.0,1.0,1.0,1.0,1.0,1.0,1.0,1.0,1.0,1.0,1.0,1.0,0.9982220323267187,0.9982220323267187,0.9982220323267187,0.9982220323267187,0.9982220323267187,0.9982220323267187,0.9982220323267187,0.9982220323267187,0.9982220323267187,0.9982220323267187,0.9982220323267187,0.9982220323267187,0.9982220323267187,0.9982220323267187,0.9982220323267187,0.9982220323267187,0.9982220323267187,0.9982220323267187,0.9982220323267187,0.9982220323267187,2787.0,2787.0,2787.0,2787.0,2787.0,2787.0,2787.0,2787.0,2787.0,2787.0,2787.0,2787.0,2787.0,2787.0,2787.0,2787.0,2787.0,2787.0,2787.0,2787.0,0.0,0.0,0.0,0.0,0.0,0.0,0.0,0.0,0.0,0.0,0.0,0.0,0.0,0.0,0.0,0.0,0.0,0.0,0.0,0.0,0.0,0.0,0.0,0.0,0.0,0.0,0.0,0.0,0.0,0.0,0.0,0.0,0.0,0.0,0.0,0.0,0.0,0.0,0.0,0.0,0.9985647649802655,1.0,1.0,1.0,1.0,1.0,0.0,0.0,0.9985647649802655,1.0,0.0,0.9997839756041162,2787.0,2787,0,0,4,12,0,0,5.0,259,0.9985647649802655,0.9985647649802655,0.9985647649802655,2783,4,4,11.968217068276724,0.9206320821751326,259.0,1.0,14,12,259,2787,2787,14,12
v_cC2mHWqMcjk_c009,0.9993862568470152,0.9992988765399583,0.9986855636966965,0.9993862568470152,0.9993862568470152,0.9993862568470152,0.9993862568470152,0.9993862568470152,0.9993862568470152,0.9993862568470152,0.9993862568470152,0.9993862568470152,0.9993862568470152,0.9993862568470152,0.9993862568470152,0.9985677554096657,0.9985677554096657,0.9961351881814076,0.9945323627408255,0.9945323627408255,0.9945323627408255,0.9945323627408255,0.9981071174804331,1.0,1.0,1.0,1.0,1.0,1.0,1.0,1.0,1.0,1.0,1.0,1.0,0.9991801598688256,0.9991801598688256,0.9967246673490276,0.9950910206586214,0.9950910206586214,0.9950910206586214,0.9950910206586214,0.998707845774798,0.9987728903746883,0.9987728903746883,0.9987728903746883,0.9987728903746883,0.9987728903746883,0.9987728903746883,0.9987728903746883,0.9987728903746883,0.9987728903746883,0.9987728903746883,0.9987728903746883,0.9987728903746883,0.9979557262974519,0.9979557262974519,0.9955460576413478,0.9939740184613426,0.9939740184613426,0.9939740184613426,0.9939740184613426,0.9975067509777835,1.0,1.0,1.0,1.0,1.0,1.0,1.0,1.0,1.0,1.0,1.0,1.0,0.9995899118310436,0.9995899118310436,0.9983596473241747,0.9975394709862621,0.9975394709862621,0.9975394709862621,0.9975394709862621,0.9993524923648058,1.0,1.0,1.0,1.0,1.0,1.0,1.0,1.0,1.0,1.0,1.0,1.0,0.9995899118310436,0.9995899118310436,0.9983596473241747,0.9975394709862621,0.9975394709862621,0.9975394709862621,0.9975394709862621,0.9993524923648058,0.9987728903746883,0.9987728903746883,0.9987728903746883,0.9987728903746883,0.9987728903746883,0.9987728903746883,0.9987728903746883,0.9987728903746883,0.9987728903746883,0.9987728903746883,0.9987728903746883,0.9987728903746883,0.9983630958440427,0.9983630958440427,0.9971432903008836,0.9963380880004236,0.9963380880004236,0.9963380880004236,0.9963380880004236,0.9981313957098381,1.0,1.0,1.0,1.0,1.0,1.0,1.0,1.0,1.0,1.0,1.0,1.0,0.9995907088989442,0.9995907088989442,0.9983724161260314,0.9975682244120669,0.9975682244120669,0.9975682244120669,0.9975682244120669,0.9993593016616941,0.9992988765399583,0.9992988765399583,0.9992988765399583,0.9992988765399583,0.9992988765399583,0.9992988765399583,0.9992988765399583,0.9992988765399583,0.9992988765399583,0.9992988765399583,0.9992988765399583,0.9992988765399583,0.9994568061948644,0.9994568061948644,0.9998128933287397,1.0,1.0,1.0,1.0,0.9994901591683141,0.9993862568470152,0.9993862568470152,0.9993862568470152,0.9993862568470152,0.9993862568470152,0.9993862568470152,0.9993862568470152,0.9993862568470152,0.9993862568470152,0.9993862568470152,0.9993862568470152,0.9993862568470152,0.9987724848337358,0.9987724848337358,0.9969518599219265,0.9957551488945546,0.9957551488945546,0.9957551488945546,0.9957551488945546,0.9984290793332529,4877.0,4877.0,4877.0,4877.0,4877.0,4877.0,4877.0,4877.0,4877.0,4877.0,4877.0,4877.0,4875.0,4875.0,4869.0,4865.0,4865.0,4865.0,4865.0,4873.8421052631575,0.0,0.0,0.0,0.0,0.0,0.0,0.0,0.0,0.0,0.0,0.0,0.0,2.0,2.0,8.0,12.0,12.0,12.0,12.0,3.1578947368421053,0.0,0.0,0.0,0.0,0.0,0.0,0.0,0.0,0.0,0.0,0.0,0.0,2.0,2.0,8.0,12.0,12.0,12.0,12.0,3.1578947368421053,0.9989747795776092,0.9992988765399583,1.0,1.0,1.0,1.0,0.0,0.0,0.9982736561175675,1.0,0.0,0.9998566803353832,4873.580620885376,4877,0,0,5,12,0,0,2.0,425,0.9993848677465655,0.9993848677465655,0.9993848677465655,4874,3,3,11.992306821322364,0.8883190238016566,425.0,1.0,15,12,425,4877,4877,15,12
v_dw7LOz17Omg_c053,0.8754846739375407,0.99961842697715,0.8751506126040475,0.8754846739375407,0.8754846739375407,0.8754846739375407,0.8754846739375407,0.8754846739375407,0.8754846739375407,0.8754846739375407,0.8752706082127325,0.8750575319328722,0.8750575319328722,0.8748454395670296,0.8748454395670296,0.8748454395670296,0.8748454395670296,0.8748454395670296,0.8748454395670296,0.8748454395670296,0.8748454395670296,0.8748454395670296,0.8751256497760279,1.0,1.0,1.0,1.0,1.0,1.0,1.0,0.9995470501641943,0.9990943054454885,0.9990943054454885,0.9986417657045841,0.9986417657045841,0.9986417657045841,0.9986417657045841,0.9986417657045841,0.9986417657045841,0.9986417657045841,0.9986417657045841,0.9986417657045841,0.9992374501261276,0.7664734142995219,0.7664734142995219,0.7664734142995219,0.7664734142995219,0.7664734142995219,0.7664734142995219,0.7664734142995219,0.766445799099943,0.7664198264557401,0.7664198264557401,0.7663954877665659,0.7663954877665659,0.7663954877665659,0.7663954877665659,0.7663954877665659,0.7663954877665659,0.7663954877665659,0.7663954877665659,0.7663954877665659,0.7664294074740616,1.0,1.0,1.0,1.0,1.0,1.0,1.0,0.99977347377959,0.9995469475591799,0.9995469475591799,0.99932042133877,0.99932042133877,0.99932042133877,0.99932042133877,0.99932042133877,0.99932042133877,0.99932042133877,0.99932042133877,0.99932042133877,0.9996184821550989,1.0,1.0,1.0,1.0,1.0,1.0,1.0,0.99977347377959,0.9995469475591799,0.9995469475591799,0.99932042133877,0.99932042133877,0.99932042133877,0.99932042133877,0.99932042133877,0.99932042133877,0.99932042133877,0.99932042133877,0.99932042133877,0.9996184821550989,0.7908106208327349,0.7908106208327349,0.7908106208327349,0.7908106208327349,0.7908106208327349,0.7908106208327349,0.7908106208327349,0.7907863618150952,0.7907632201536544,0.7907632201536544,0.7907411966082603,0.7907411966082603,0.7907411966082603,0.7907411966082603,0.7907411966082603,0.7907411966082603,0.7907411966082603,0.7907411966082603,0.7907411966082603,0.7907714693382049,0.9260382734616373,0.9260382734616373,0.9260382734616373,0.9260382734616373,0.9260382734616373,0.9260382734616373,0.9260382734616373,0.9259917077037978,0.9259465241280089,0.9259465241280089,0.9259027236742113,0.9259027236742113,0.9259027236742113,0.9259027236742113,0.9259027236742113,0.9259027236742113,0.9259027236742113,0.9259027236742113,0.9259027236742113,0.925961957013641,0.99961842697715,0.99961842697715,0.99961842697715,0.99961842697715,0.99961842697715,0.99961842697715,0.99961842697715,0.9997577360095036,0.9998875578119766,0.9998875578119766,1.0,1.0,1.0,1.0,1.0,1.0,1.0,1.0,1.0,0.999834833709132,0.8754846739375407,0.8754846739375407,0.8754846739375407,0.8754846739375407,0.8754846739375407,0.8754846739375407,0.8754846739375407,0.875369738470507,0.8752557329618993,0.8752557329618993,0.8751426522270622,0.8751426522270622,0.8751426522270622,0.8751426522270622,0.8751426522270622,0.8751426522270622,0.8751426522270622,0.8751426522270622,0.8751426522270622,0.8752925153684553,8829.0,8829.0,8829.0,8829.0,8829.0,8829.0,8829.0,8827.0,8825.0,8825.0,8823.0,8823.0,8823.0,8823.0,8823.0,8823.0,8823.0,8823.0,8823.0,8825.631578947368,0.0,0.0,0.0,0.0,0.0,0.0,0.0,2.0,4.0,4.0,6.0,6.0,6.0,6.0,6.0,6.0,6.0,6.0,6.0,3.3684210526315788,0.0,0.0,0.0,0.0,0.0,0.0,0.0,2.0,4.0,4.0,6.0,6.0,6.0,6.0,6.0,6.0,6.0,6.0,6.0,3.3684210526315788,0.9964888435836448,0.999818981279226,1.0,1.0,1.0,1.0,0.0,0.0,0.9963078248628708,1.0,0.0,0.9998310837361157,8827.401785714286,8829,0,0,31,21,0,0,20.0,550,0.835202174651716,0.835202174651716,0.835202174651716,7374,1455,1455,16.161915599835766,0.6098836075409723,550.0,1.0,32,21,550,8829,8829,32,21
v_dw7LOz17Omg_c067,0.9752008765680354,1.0,0.9752008765680354,0.9752008765680354,0.9752008765680354,0.9752008765680354,0.9752008765680354,0.9752008765680354,0.9752008765680354,0.9752008765680354,0.9752008765680354,0.9752008765680354,0.9752008765680354,0.9752008765680354,0.9752008765680354,0.9752008765680354,0.9752008765680354,0.9752008765680354,0.9752008765680354,0.9752008765680354,0.9752008765680354,0.9752008765680354,0.9752008765680354,1.0,1.0,1.0,1.0,1.0,1.0,1.0,1.0,1.0,1.0,1.0,1.0,1.0,1.0,1.0,1.0,1.0,1.0,1.0,1.0,0.9510167496590647,0.9510167496590647,0.9510167496590647,0.9510167496590647,0.9510167496590647,0.9510167496590647,0.9510167496590647,0.9510167496590647,0.9510167496590647,0.9510167496590647,0.9510167496590647,0.9510167496590647,0.9510167496590647,0.9510167496590647,0.9510167496590647,0.9510167496590647,0.9510167496590647,0.9510167496590647,0.9510167496590647,0.9510167496590647,1.0,1.0,1.0,1.0,1.0,1.0,1.0,1.0,1.0,1.0,1.0,1.0,1.0,1.0,1.0,1.0,1.0,1.0,1.0,1.0,1.0,1.0,1.0,1.0,1.0,1.0,1.0,1.0,1.0,1.0,1.0,1.0,1.0,1.0,1.0,1.0,1.0,1.0,1.0,1.0,0.953584802247492,0.953584802247492,0.953584802247492,0.953584802247492,0.953584802247492,0.953584802247492,0.953584802247492,0.953584802247492,0.953584802247492,0.953584802247492,0.953584802247492,0.953584802247492,0.953584802247492,0.953584802247492,0.953584802247492,0.953584802247492,0.953584802247492,0.953584802247492,0.953584802247492,0.9535848022474918,0.9966165712847471,0.9966165712847471,0.9966165712847471,0.9966165712847471,0.9966165712847471,0.9966165712847471,0.9966165712847471,0.9966165712847471,0.9966165712847471,0.9966165712847471,0.9966165712847471,0.9966165712847471,0.9966165712847471,0.9966165712847471,0.9966165712847471,0.9966165712847471,0.9966165712847471,0.9966165712847471,0.9966165712847471,0.9966165712847472,1.0,1.0,1.0,1.0,1.0,1.0,1.0,1.0,1.0,1.0,1.0,1.0,1.0,1.0,1.0,1.0,1.0,1.0,1.0,1.0,0.9752008765680354,0.9752008765680354,0.9752008765680354,0.9752008765680354,0.9752008765680354,0.9752008765680354,0.9752008765680354,0.9752008765680354,0.9752008765680354,0.9752008765680354,0.9752008765680354,0.9752008765680354,0.9752008765680354,0.9752008765680354,0.9752008765680354,0.9752008765680354,0.9752008765680354,0.9752008765680354,0.9752008765680354,0.9752008765680354,6959.0,6959.0,6959.0,6959.0,6959.0,6959.0,6959.0,6959.0,6959.0,6959.0,6959.0,6959.0,6959.0,6959.0,6959.0,6959.0,6959.0,6959.0,6959.0,6959.0,0.0,0.0,0.0,0.0,0.0,0.0,0.0,0.0,0.0,0.0,0.0,0.0,0.0,0.0,0.0,0.0,0.0,0.0,0.0,0.0,0.0,0.0,0.0,0.0,0.0,0.0,0.0,0.0,0.0,0.0,0.0,0.0,0.0,0.0,0.0,0.0,0.0,0.0,0.0,0.0,0.9989941083489007,1.0,1.0,1.0,1.0,1.0,0.0,0.0,0.9989941083489007,1.0,0.0,0.9998785604195985,6959.0,6959,0,0,7,22,0,0,8.0,450,0.9663744790918235,0.9663744790918235,0.9663744790918235,6725,234,234,20.09891664181748,0.873865940948586,450.0,1.0,24,22,450,6959,6959,24,22
v_i2_L4qquVg0_c006,0.8422952247874118,1.0,0.8422952247874118,0.8422952247874118,0.8422952247874118,0.8422952247874118,0.8422952247874118,0.8422952247874118,0.8422952247874118,0.8422952247874118,0.8422952247874118,0.8422952247874118,0.8422952247874118,0.8422952247874118,0.8422952247874118,0.8422952247874118,0.8422952247874118,0.8422952247874118,0.8422952247874118,0.8422952247874118,0.8422952247874118,0.8422952247874118,0.8422952247874117,1.0,1.0,1.0,1.0,1.0,1.0,1.0,1.0,1.0,1.0,1.0,1.0,1.0,1.0,1.0,1.0,1.0,1.0,1.0,1.0,0.7094612456996765,0.7094612456996765,0.7094612456996765,0.7094612456996765,0.7094612456996765,0.7094612456996765,0.7094612456996765,0.7094612456996765,0.7094612456996765,0.7094612456996765,0.7094612456996765,0.7094612456996765,0.7094612456996765,0.7094612456996765,0.7094612456996765,0.7094612456996765,0.7094612456996765,0.7094612456996765,0.7094612456996765,0.7094612456996765,1.0,1.0,1.0,1.0,1.0,1.0,1.0,1.0,1.0,1.0,1.0,1.0,1.0,1.0,1.0,1.0,1.0,1.0,1.0,1.0,1.0,1.0,1.0,1.0,1.0,1.0,1.0,1.0,1.0,1.0,1.0,1.0,1.0,1.0,1.0,1.0,1.0,1.0,1.0,1.0,0.7406415060389774,0.7406415060389774,0.7406415060389774,0.7406415060389774,0.7406415060389774,0.7406415060389774,0.7406415060389774,0.7406415060389774,0.7406415060389774,0.7406415060389774,0.7406415060389774,0.7406415060389774,0.7406415060389774,0.7406415060389774,0.7406415060389774,0.7406415060389774,0.7406415060389774,0.7406415060389774,0.7406415060389774,0.7406415060389775,0.9043132222229319,0.9043132222229319,0.9043132222229319,0.9043132222229319,0.9043132222229319,0.9043132222229319,0.9043132222229319,0.9043132222229319,0.9043132222229319,0.9043132222229319,0.9043132222229319,0.9043132222229319,0.9043132222229319,0.9043132222229319,0.9043132222229319,0.9043132222229319,0.9043132222229319,0.9043132222229319,0.9043132222229319,0.904313222222932,1.0,1.0,1.0,1.0,1.0,1.0,1.0,1.0,1.0,1.0,1.0,1.0,1.0,1.0,1.0,1.0,1.0,1.0,1.0,1.0,0.8422952247874118,0.8422952247874118,0.8422952247874118,0.8422952247874118,0.8422952247874118,0.8422952247874118,0.8422952247874118,0.8422952247874118,0.8422952247874118,0.8422952247874118,0.8422952247874118,0.8422952247874118,0.8422952247874118,0.8422952247874118,0.8422952247874118,0.8422952247874118,0.8422952247874118,0.8422952247874118,0.8422952247874118,0.8422952247874117,11900.0,11900.0,11900.0,11900.0,11900.0,11900.0,11900.0,11900.0,11900.0,11900.0,11900.0,11900.0,11900.0,11900.0,11900.0,11900.0,11900.0,11900.0,11900.0,11900.0,0.0,0.0,0.0,0.0,0.0,0.0,0.0,0.0,0.0,0.0,0.0,0.0,0.0,0.0,0.0,0.0,0.0,0.0,0.0,0.0,0.0,0.0,0.0,0.0,0.0,0.0,0.0,0.0,0.0,0.0,0.0,0.0,0.0,0.0,0.0,0.0,0.0,0.0,0.0,0.0,0.9978151260504202,0.998110269996392,1.0,1.0,1.0,1.0,0.0,0.0,0.9959253960468122,1.0,0.0,0.999881094676641,11877.512212957065,11900,0,0,26,22,0,0,29.0,888,0.7980672268907563,0.7980672268907563,0.7980672268907563,9497,2403,2403,16.37297830030776,0.5457659433435921,888.0,1.0,38,22,888,11900,11900,38,22
v_i2_L4qquVg0_c007,0.8853896964904175,1.0,0.8853896964904175,0.8853896964904175,0.8853896964904175,0.8853896964904175,0.8853896964904175,0.8853896964904175,0.8853896964904175,0.8853896964904175,0.8853896964904175,0.8853896964904175,0.8853896964904175,0.8853896964904175,0.8853896964904175,0.8853896964904175,0.8853896964904175,0.8853896964904175,0.8853896964904175,0.8853896964904175,0.8853896964904175,0.8853896964904175,0.8853896964904175,1.0,1.0,1.0,1.0,1.0,1.0,1.0,1.0,1.0,1.0,1.0,1.0,1.0,1.0,1.0,1.0,1.0,1.0,1.0,1.0,0.7839149146513937,0.7839149146513937,0.7839149146513937,0.7839149146513937,0.7839149146513937,0.7839149146513937,0.7839149146513937,0.7839149146513937,0.7839149146513937,0.7839149146513937,0.7839149146513937,0.7839149146513937,0.7839149146513937,0.7839149146513937,0.7839149146513937,0.7839149146513937,0.7839149146513937,0.7839149146513937,0.7839149146513937,0.7839149146513937,1.0,1.0,1.0,1.0,1.0,1.0,1.0,1.0,1.0,1.0,1.0,1.0,1.0,1.0,1.0,1.0,1.0,1.0,1.0,1.0,1.0,1.0,1.0,1.0,1.0,1.0,1.0,1.0,1.0,1.0,1.0,1.0,1.0,1.0,1.0,1.0,1.0,1.0,1.0,1.0,0.9328133749247578,0.9328133749247578,0.9328133749247578,0.9328133749247578,0.9328133749247578,0.9328133749247578,0.9328133749247578,0.9328133749247578,0.9328133749247578,0.9328133749247578,0.9328133749247578,0.9328133749247578,0.9328133749247578,0.9328133749247578,0.9328133749247578,0.9328133749247578,0.9328133749247578,0.9328133749247578,0.9328133749247578,0.9328133749247578,0.8382848520383342,0.8382848520383342,0.8382848520383342,0.8382848520383342,0.8382848520383342,0.8382848520383342,0.8382848520383342,0.8382848520383342,0.8382848520383342,0.8382848520383342,0.8382848520383342,0.8382848520383342,0.8382848520383342,0.8382848520383342,0.8382848520383342,0.8382848520383342,0.8382848520383342,0.8382848520383342,0.8382848520383342,0.8382848520383344,1.0,1.0,1.0,1.0,1.0,1.0,1.0,1.0,1.0,1.0,1.0,1.0,1.0,1.0,1.0,1.0,1.0,1.0,1.0,1.0,0.8853896964904175,0.8853896964904175,0.8853896964904175,0.8853896964904175,0.8853896964904175,0.8853896964904175,0.8853896964904175,0.8853896964904175,0.8853896964904175,0.8853896964904175,0.8853896964904175,0.8853896964904175,0.8853896964904175,0.8853896964904175,0.8853896964904175,0.8853896964904175,0.8853896964904175,0.8853896964904175,0.8853896964904175,0.8853896964904175,4828.0,4828.0,4828.0,4828.0,4828.0,4828.0,4828.0,4828.0,4828.0,4828.0,4828.0,4828.0,4828.0,4828.0,4828.0,4828.0,4828.0,4828.0,4828.0,4828.0,0.0,0.0,0.0,0.0,0.0,0.0,0.0,0.0,0.0,0.0,0.0,0.0,0.0,0.0,0.0,0.0,0.0,0.0,0.0,0.0,0.0,0.0,0.0,0.0,0.0,0.0,0.0,0.0,0.0,0.0,0.0,0.0,0.0,0.0,0.0,0.0,0.0,0.0,0.0,0.0,0.998135874067937,1.0,1.0,1.0,1.0,1.0,0.0,0.0,0.998135874067937,1.0,0.0,0.9998023524214086,4828.0,4828,0,0,9,21,0,0,7.0,451,0.8436205468102734,0.8436205468102734,0.8436205468102734,4073,755,755,15.084058120149061,0.685639005461321,451.0,1.0,23,21,451,4828,4828,23,21
v_i2_L4qquVg0_c009,0.9426349841317427,1.0,0.9426349841317427,0.9426349841317427,0.9426349841317427,0.9426349841317427,0.9426349841317427,0.9426349841317427,0.9426349841317427,0.9426349841317427,0.9426349841317427,0.9426349841317427,0.9426349841317427,0.9426349841317427,0.9426349841317427,0.9426349841317427,0.9426349841317427,0.9426349841317427,0.9426349841317427,0.9426349841317427,0.9426349841317427,0.9426349841317427,0.9426349841317428,1.0,1.0,1.0,1.0,1.0,1.0,1.0,1.0,1.0,1.0,1.0,1.0,1.0,1.0,1.0,1.0,1.0,1.0,1.0,1.0,0.888560713309051,0.888560713309051,0.888560713309051,0.888560713309051,0.888560713309051,0.888560713309051,0.888560713309051,0.888560713309051,0.888560713309051,0.888560713309051,0.888560713309051,0.888560713309051,0.888560713309051,0.888560713309051,0.888560713309051,0.888560713309051,0.888560713309051,0.888560713309051,0.888560713309051,0.888560713309051,1.0,1.0,1.0,1.0,1.0,1.0,1.0,1.0,1.0,1.0,1.0,1.0,1.0,1.0,1.0,1.0,1.0,1.0,1.0,1.0,1.0,1.0,1.0,1.0,1.0,1.0,1.0,1.0,1.0,1.0,1.0,1.0,1.0,1.0,1.0,1.0,1.0,1.0,1.0,1.0,0.9011486533081173,0.9011486533081173,0.9011486533081173,0.9011486533081173,0.9011486533081173,0.9011486533081173,0.9011486533081173,0.9011486533081173,0.9011486533081173,0.9011486533081173,0.9011486533081173,0.9011486533081173,0.9011486533081173,0.9011486533081173,0.9011486533081173,0.9011486533081173,0.9011486533081173,0.9011486533081173,0.9011486533081173,0.9011486533081172,0.9798963999039897,0.9798963999039897,0.9798963999039897,0.9798963999039897,0.9798963999039897,0.9798963999039897,0.9798963999039897,0.9798963999039897,0.9798963999039897,0.9798963999039897,0.9798963999039897,0.9798963999039897,0.9798963999039897,0.9798963999039897,0.9798963999039897,0.9798963999039897,0.9798963999039897,0.9798963999039897,0.9798963999039897,0.9798963999039897,1.0,1.0,1.0,1.0,1.0,1.0,1.0,1.0,1.0,1.0,1.0,1.0,1.0,1.0,1.0,1.0,1.0,1.0,1.0,1.0,0.9426349841317427,0.9426349841317427,0.9426349841317427,0.9426349841317427,0.9426349841317427,0.9426349841317427,0.9426349841317427,0.9426349841317427,0.9426349841317427,0.9426349841317427,0.9426349841317427,0.9426349841317427,0.9426349841317427,0.9426349841317427,0.9426349841317427,0.9426349841317427,0.9426349841317427,0.9426349841317427,0.9426349841317427,0.9426349841317428,7936.0,7936.0,7936.0,7936.0,7936.0,7936.0,7936.0,7936.0,7936.0,7936.0,7936.0,7936.0,7936.0,7936.0,7936.0,7936.0,7936.0,7936.0,7936.0,7936.0,0.0,0.0,0.0,0.0,0.0,0.0,0.0,0.0,0.0,0.0,0.0,0.0,0.0,0.0,0.0,0.0,0.0,0.0,0.0,0.0,0.0,0.0,0.0,0.0,0.0,0.0,0.0,0.0,0.0,0.0,0.0,0.0,0.0,0.0,0.0,0.0,0.0,0.0,0.0,0.0,0.9984879032258065,1.0,1.0,1.0,1.0,1.0,0.0,0.0,0.9984879032258065,1.0,0.0,0.9998640144599235,7936.0,7936,0,0,12,20,0,0,10.0,488,0.9206149193548387,0.9206149193548387,0.9206149193548387,7306,630,630,16.85978103484163,0.7024908764517347,488.0,1.0,28,20,488,7936,7936,28,20
v_i2_L4qquVg0_c010,0.6607124326858363,1.0,0.6607124326858363,0.6607124326858363,0.6607124326858363,0.6607124326858363,0.6607124326858363,0.6607124326858363,0.6607124326858363,0.6607124326858363,0.6607124326858363,0.6607124326858363,0.6607124326858363,0.6607124326858363,0.6607124326858363,0.6607124326858363,0.6607124326858363,0.6607124326858363,0.6607124326858363,0.6607124326858363,0.6607124326858363,0.6607124326858363,0.6607124326858362,0.9998789639312515,0.9998789639312515,0.9998789639312515,0.9998789639312515,0.9998789639312515,0.9998789639312515,0.9998789639312515,0.9998789639312515,0.9998789639312515,0.9998789639312515,0.9998789639312515,0.9998789639312515,0.9998789639312515,0.9998789639312515,0.9998789639312515,0.9998789639312515,0.9998789639312515,0.9998789639312515,0.9998789639312515,0.9998789639312516,0.4365937622982645,0.4365937622982645,0.4365937622982645,0.4365937622982645,0.4365937622982645,0.4365937622982645,0.4365937622982645,0.4365937622982645,0.4365937622982645,0.4365937622982645,0.4365937622982645,0.4365937622982645,0.4365937622982645,0.4365937622982645,0.4365937622982645,0.4365937622982645,0.4365937622982645,0.4365937622982645,0.4365937622982645,0.4365937622982645,0.9998789639312515,0.9998789639312515,0.9998789639312515,0.9998789639312515,0.9998789639312515,0.9998789639312515,0.9998789639312515,0.9998789639312515,0.9998789639312515,0.9998789639312515,0.9998789639312515,0.9998789639312515,0.9998789639312515,0.9998789639312515,0.9998789639312515,0.9998789639312515,0.9998789639312515,0.9998789639312515,0.9998789639312515,0.9998789639312516,1.0,1.0,1.0,1.0,1.0,1.0,1.0,1.0,1.0,1.0,1.0,1.0,1.0,1.0,1.0,1.0,1.0,1.0,1.0,1.0,0.520773788607057,0.520773788607057,0.520773788607057,0.520773788607057,0.520773788607057,0.520773788607057,0.520773788607057,0.520773788607057,0.520773788607057,0.520773788607057,0.520773788607057,0.520773788607057,0.520773788607057,0.520773788607057,0.520773788607057,0.520773788607057,0.520773788607057,0.520773788607057,0.520773788607057,0.520773788607057,0.7435111384154405,0.7435111384154405,0.7435111384154405,0.7435111384154405,0.7435111384154405,0.7435111384154405,0.7435111384154405,0.7435111384154405,0.7435111384154405,0.7435111384154405,0.7435111384154405,0.7435111384154405,0.7435111384154405,0.7435111384154405,0.7435111384154405,0.7435111384154405,0.7435111384154405,0.7435111384154405,0.7435111384154405,0.7435111384154405,1.0,1.0,1.0,1.0,1.0,1.0,1.0,1.0,1.0,1.0,1.0,1.0,1.0,1.0,1.0,1.0,1.0,1.0,1.0,1.0,0.6607124326858363,0.6607124326858363,0.6607124326858363,0.6607124326858363,0.6607124326858363,0.6607124326858363,0.6607124326858363,0.6607124326858363,0.6607124326858363,0.6607124326858363,0.6607124326858363,0.6607124326858363,0.6607124326858363,0.6607124326858363,0.6607124326858363,0.6607124326858363,0.6607124326858363,0.6607124326858363,0.6607124326858363,0.6607124326858362,8261.0,8261.0,8261.0,8261.0,8261.0,8261.0,8261.0,8261.0,8261.0,8261.0,8261.0,8261.0,8261.0,8261.0,8261.0,8261.0,8261.0,8261.0,8261.0,8261.0,1.0,1.0,1.0,1.0,1.0,1.0,1.0,1.0,1.0,1.0,1.0,1.0,1.0,1.0,1.0,1.0,1.0,1.0,1.0,1.0,0.0,0.0,0.0,0.0,0.0,0.0,0.0,0.0,0.0,0.0,0.0,0.0,0.0,0.0,0.0,0.0,0.0,0.0,0.0,0.0,0.9932219801500847,1.0,0.9998789639312515,0.9998789639312515,1.0,1.0,0.0,0.0,0.9932219801500847,0.9999394783029716,0.0,0.9996683172731187,8261.0,8261,1,0,55,21,0,0,39.0,758,0.5638201295164317,0.5637860082304527,0.5638542549328168,4658,3604,3603,9.716957545046405,0.28165094333467844,757.9473684210527,0.999930565199278,48,21,758,8261,8262,48,21
COMBINED,0.8863590725846553,0.9984516556647404,0.8849866835356128,0.8863590725846553,0.8862170666546959,0.8858477936056838,0.8855258439979081,0.8851754010246269,0.8849958568421937,0.8847410805416092,0.8843820188515086,0.8840051590750609,0.883759525798285,0.8835927544033617,0.8834312327454815,0.8833532925886483,0.8833228177886163,0.8832511377604667,0.8832003706874152,0.8830963830655775,0.8829771976267153,0.8824350485334771,0.8841931081145256,0.9999627847810053,0.9997868770381998,0.9992796241870406,0.9988064203091135,0.9983334403807734,0.9980902807118351,0.9977324033145437,0.9972126965893542,0.996652795979302,0.9962819504057435,0.9960123310474299,0.995756260107157,0.9956484604192197,0.9955945649421892,0.995500254861784,0.9954328959760201,0.995311661440525,0.9951769736775491,0.9945172663933735,0.9968994706611662,0.785661644123272,0.7855481075693755,0.7852920188125208,0.7850930915577461,0.7848434790286715,0.7847162543946025,0.7845458130832704,0.784317686630846,0.784089629230873,0.7839456482385619,0.7838619375455713,0.7837768882379047,0.7837234431102859,0.7837117918289641,0.7836588373987641,0.7836217769531887,0.783532688298665,0.7834272216404239,0.7829845103687468,0.7842290772659082,0.9999797004462518,0.9998917357133432,0.9996379912914914,0.9994011631644297,0.9991643350373681,0.9990425377148793,0.9988632249901039,0.9986027140503362,0.9983219035568202,0.9981358243141288,0.9980004939558079,0.997871930115403,0.9978177979720746,0.9977907319004103,0.997743366274998,0.9977095336854178,0.9976486350241733,0.9975809698450129,0.9972494104671266,0.9984449473431356,0.9999830836479775,0.9998951186174604,0.9996413733371226,0.9994045444088073,0.9991677154804921,0.9990459177459299,0.9988666044144913,0.9986060925933444,0.9983252811497706,0.9981392012775229,0.9980038704613428,0.9978753061859716,0.9978211738594995,0.9977941076962635,0.9977467419106004,0.9977129092065554,0.9976520103392743,0.9975843449311843,0.9972527844315429,0.9984483253523764,0.8245035937831742,0.82443263781214,0.8242679014091138,0.824133471603908,0.8239753759743197,0.8238905812662952,0.8237768299952357,0.8236155104094365,0.8234477406641154,0.823345073703028,0.8232752870451094,0.8232018961128383,0.8231640904179792,0.8231518255360277,0.8231176374023612,0.8230933054006352,0.8230404312943005,0.8229785276789638,0.8226947618058134,0.8235319199639367,0.9058833107390396,0.9058074466403939,0.9056117030974242,0.9054372820648121,0.905270556583946,0.9051817417674268,0.9050591986774972,0.9049007819646597,0.9047437635140676,0.9046492466741883,0.9045873518114587,0.9045230372738803,0.9044882643572741,0.9044782055217306,0.9044473694020543,0.9044252923861927,0.9043737222747995,0.9043127659535287,0.9040310371060893,0.9048532672531823,0.9984516556647404,0.9985319849011167,0.9987533642374417,0.9989487312632873,0.9991341661653812,0.9992217263775169,0.9993426958744523,0.9995046199922384,0.9996664629002305,0.9997644169441505,0.9998301979319393,0.9998846258332753,0.999905162719864,0.999914255403486,0.9999273214617898,0.999935088054556,0.9999456700239703,0.9999542826019989,0.9999761460925015,0.9995048723391544,0.8863665695086312,0.8862635391145655,0.8860066231484889,0.8857894495280295,0.8855436820575805,0.8854179341850369,0.8852423176785206,0.8849981754485394,0.8847450769645042,0.8845813901626414,0.8844741945719146,0.8843692420283523,0.8843151023381869,0.8842965353138076,0.8842456708615509,0.884209770173178,0.8841325222940191,0.8840430349066939,0.8836463327429841,0.8848782717382752,295567.0,295541.0,295466.0,295396.0,295326.0,295290.0,295237.0,295160.0,295077.0,295022.0,294982.0,294944.0,294928.0,294920.0,294906.0,294896.0,294878.0,294858.0,294760.0,295113.36842105264,6.0,32.0,107.0,177.0,247.0,283.0,336.0,413.0,496.0,551.0,591.0,629.0,645.0,653.0,667.0,677.0,695.0,715.0,813.0,459.63157894736844,5.0,31.0,106.0,176.0,246.0,282.0,335.0,412.0,495.0,550.0,590.0,628.0,644.0,652.0,666.0,676.0,694.0,714.0,812.0,458.63157894736844,0.9981019917245486,0.9997384176231813,0.999996616741042,0.999996616741042,1.0,1.0,0.0,0.0,0.9978404102327308,0.9999983083676593,0.0,0.9999873189092813,295494.68357371894,295572,1,0,560,641,0,0,423.0,26970,0.8560336296509317,0.8560321815592087,0.8560350777475539,253020,42553,42552,521.9614191924428,0.6940976319048442,26969.947368421053,0.9999980485139434,863,641,26970,295572,295573,863,641
